2500
1 50 -1
0  2 51 -1
1  3 52 -1
2  4 53 -1
3  5 54 -1
4  6 55 -1
5  7 56 -1
6  8 57 -1
7  9 58 -1
8 10 59 -1
9 11 60 -1
10 12 61 -1
11 13 62 -1
12 14 63 -1
13 15 64 -1
14 16 65 -1
15 17 66 -1
16 18 67 -1
17 19 68 -1
18 20 69 -1
19 21 70 -1
20 22 71 -1
21 23 72 -1
22 24 73 -1
23 25 74 -1
24 26 75 -1
25 27 76 -1
26 28 77 -1
27 29 78 -1
28 30 79 -1
29 31 80 -1
30 32 81 -1
31 33 82 -1
32 34 83 -1
33 35 84 -1
34 36 85 -1
35 37 86 -1
36 38 87 -1
37 39 88 -1
38 40 89 -1
39 41 90 -1
40 42 91 -1
41 43 92 -1
42 44 93 -1
43 45 94 -1
44 46 95 -1
45 47 96 -1
46 48 97 -1
47 49 98 -1
48 99 -1
0 51  100 -1
1 50 52  101 -1
2 51 53  102 -1
3 52 54  103 -1
4 53 55  104 -1
5 54 56  105 -1
6 55 57  106 -1
7 56 58  107 -1
8 57 59  108 -1
9 58 60  109 -1
10 59 61  110 -1
11 60 62  111 -1
12 61 63  112 -1
13 62 64  113 -1
14 63 65  114 -1
15 64 66  115 -1
16 65 67  116 -1
17 66 68  117 -1
18 67 69  118 -1
19 68 70  119 -1
20 69 71  120 -1
21 70 72  121 -1
22 71 73  122 -1
23 72 74  123 -1
24 73 75  124 -1
25 74 76  125 -1
26 75 77  126 -1
27 76 78  127 -1
28 77 79  128 -1
29 78 80  129 -1
30 79 81  130 -1
31 80 82  131 -1
32 81 83  132 -1
33 82 84  133 -1
34 83 85  134 -1
35 84 86  135 -1
36 85 87  136 -1
37 86 88  137 -1
38 87 89  138 -1
39 88 90  139 -1
40 89 91  140 -1
41 90 92  141 -1
42 91 93  142 -1
43 92 94  143 -1
44 93 95  144 -1
45 94 96  145 -1
46 95 97  146 -1
47 96 98  147 -1
48 97 99  148 -1
49 98  149 -1
50  101  150 -1
51  100  102  151 -1
52  101  103  152 -1
53  102  104  153 -1
54  103  105  154 -1
55  104  106  155 -1
56  105  107  156 -1
57  106  108  157 -1
58  107  109  158 -1
59  108  110  159 -1
60  109  111  160 -1
61  110  112  161 -1
62  111  113  162 -1
63  112  114  163 -1
64  113  115  164 -1
65  114  116  165 -1
66  115  117  166 -1
67  116  118  167 -1
68  117  119  168 -1
69  118  120  169 -1
70  119  121  170 -1
71  120  122  171 -1
72  121  123  172 -1
73  122  124  173 -1
74  123  125  174 -1
75  124  126  175 -1
76  125  127  176 -1
77  126  128  177 -1
78  127  129  178 -1
79  128  130  179 -1
80  129  131  180 -1
81  130  132  181 -1
82  131  133  182 -1
83  132  134  183 -1
84  133  135  184 -1
85  134  136  185 -1
86  135  137  186 -1
87  136  138  187 -1
88  137  139  188 -1
89  138  140  189 -1
90  139  141  190 -1
91  140  142  191 -1
92  141  143  192 -1
93  142  144  193 -1
94  143  145  194 -1
95  144  146  195 -1
96  145  147  196 -1
97  146  148  197 -1
98  147  149  198 -1
99  148  199 -1
100  151  200 -1
101  150  152  201 -1
102  151  153  202 -1
103  152  154  203 -1
104  153  155  204 -1
105  154  156  205 -1
106  155  157  206 -1
107  156  158  207 -1
108  157  159  208 -1
109  158  160  209 -1
110  159  161  210 -1
111  160  162  211 -1
112  161  163  212 -1
113  162  164  213 -1
114  163  165  214 -1
115  164  166  215 -1
116  165  167  216 -1
117  166  168  217 -1
118  167  169  218 -1
119  168  170  219 -1
120  169  171  220 -1
121  170  172  221 -1
122  171  173  222 -1
123  172  174  223 -1
124  173  175  224 -1
125  174  176  225 -1
126  175  177  226 -1
127  176  178  227 -1
128  177  179  228 -1
129  178  180  229 -1
130  179  181  230 -1
131  180  182  231 -1
132  181  183  232 -1
133  182  184  233 -1
134  183  185  234 -1
135  184  186  235 -1
136  185  187  236 -1
137  186  188  237 -1
138  187  189  238 -1
139  188  190  239 -1
140  189  191  240 -1
141  190  192  241 -1
142  191  193  242 -1
143  192  194  243 -1
144  193  195  244 -1
145  194  196  245 -1
146  195  197  246 -1
147  196  198  247 -1
148  197  199  248 -1
149  198  249 -1
150  201  250 -1
151  200  202  251 -1
152  201  203  252 -1
153  202  204  253 -1
154  203  205  254 -1
155  204  206  255 -1
156  205  207  256 -1
157  206  208  257 -1
158  207  209  258 -1
159  208  210  259 -1
160  209  211  260 -1
161  210  212  261 -1
162  211  213  262 -1
163  212  214  263 -1
164  213  215  264 -1
165  214  216  265 -1
166  215  217  266 -1
167  216  218  267 -1
168  217  219  268 -1
169  218  220  269 -1
170  219  221  270 -1
171  220  222  271 -1
172  221  223  272 -1
173  222  224  273 -1
174  223  225  274 -1
175  224  226  275 -1
176  225  227  276 -1
177  226  228  277 -1
178  227  229  278 -1
179  228  230  279 -1
180  229  231  280 -1
181  230  232  281 -1
182  231  233  282 -1
183  232  234  283 -1
184  233  235  284 -1
185  234  236  285 -1
186  235  237  286 -1
187  236  238  287 -1
188  237  239  288 -1
189  238  240  289 -1
190  239  241  290 -1
191  240  242  291 -1
192  241  243  292 -1
193  242  244  293 -1
194  243  245  294 -1
195  244  246  295 -1
196  245  247  296 -1
197  246  248  297 -1
198  247  249  298 -1
199  248  299 -1
200  251  300 -1
201  250  252  301 -1
202  251  253  302 -1
203  252  254  303 -1
204  253  255  304 -1
205  254  256  305 -1
206  255  257  306 -1
207  256  258  307 -1
208  257  259  308 -1
209  258  260  309 -1
210  259  261  310 -1
211  260  262  311 -1
212  261  263  312 -1
213  262  264  313 -1
214  263  265  314 -1
215  264  266  315 -1
216  265  267  316 -1
217  266  268  317 -1
218  267  269  318 -1
219  268  270  319 -1
220  269  271  320 -1
221  270  272  321 -1
222  271  273  322 -1
223  272  274  323 -1
224  273  275  324 -1
225  274  276  325 -1
226  275  277  326 -1
227  276  278  327 -1
228  277  279  328 -1
229  278  280  329 -1
230  279  281  330 -1
231  280  282  331 -1
232  281  283  332 -1
233  282  284  333 -1
234  283  285  334 -1
235  284  286  335 -1
236  285  287  336 -1
237  286  288  337 -1
238  287  289  338 -1
239  288  290  339 -1
240  289  291  340 -1
241  290  292  341 -1
242  291  293  342 -1
243  292  294  343 -1
244  293  295  344 -1
245  294  296  345 -1
246  295  297  346 -1
247  296  298  347 -1
248  297  299  348 -1
249  298  349 -1
250  301  350 -1
251  300  302  351 -1
252  301  303  352 -1
253  302  304  353 -1
254  303  305  354 -1
255  304  306  355 -1
256  305  307  356 -1
257  306  308  357 -1
258  307  309  358 -1
259  308  310  359 -1
260  309  311  360 -1
261  310  312  361 -1
262  311  313  362 -1
263  312  314  363 -1
264  313  315  364 -1
265  314  316  365 -1
266  315  317  366 -1
267  316  318  367 -1
268  317  319  368 -1
269  318  320  369 -1
270  319  321  370 -1
271  320  322  371 -1
272  321  323  372 -1
273  322  324  373 -1
274  323  325  374 -1
275  324  326  375 -1
276  325  327  376 -1
277  326  328  377 -1
278  327  329  378 -1
279  328  330  379 -1
280  329  331  380 -1
281  330  332  381 -1
282  331  333  382 -1
283  332  334  383 -1
284  333  335  384 -1
285  334  336  385 -1
286  335  337  386 -1
287  336  338  387 -1
288  337  339  388 -1
289  338  340  389 -1
290  339  341  390 -1
291  340  342  391 -1
292  341  343  392 -1
293  342  344  393 -1
294  343  345  394 -1
295  344  346  395 -1
296  345  347  396 -1
297  346  348  397 -1
298  347  349  398 -1
299  348  399 -1
300  351  400 -1
301  350  352  401 -1
302  351  353  402 -1
303  352  354  403 -1
304  353  355  404 -1
305  354  356  405 -1
306  355  357  406 -1
307  356  358  407 -1
308  357  359  408 -1
309  358  360  409 -1
310  359  361  410 -1
311  360  362  411 -1
312  361  363  412 -1
313  362  364  413 -1
314  363  365  414 -1
315  364  366  415 -1
316  365  367  416 -1
317  366  368  417 -1
318  367  369  418 -1
319  368  370  419 -1
320  369  371  420 -1
321  370  372  421 -1
322  371  373  422 -1
323  372  374  423 -1
324  373  375  424 -1
325  374  376  425 -1
326  375  377  426 -1
327  376  378  427 -1
328  377  379  428 -1
329  378  380  429 -1
330  379  381  430 -1
331  380  382  431 -1
332  381  383  432 -1
333  382  384  433 -1
334  383  385  434 -1
335  384  386  435 -1
336  385  387  436 -1
337  386  388  437 -1
338  387  389  438 -1
339  388  390  439 -1
340  389  391  440 -1
341  390  392  441 -1
342  391  393  442 -1
343  392  394  443 -1
344  393  395  444 -1
345  394  396  445 -1
346  395  397  446 -1
347  396  398  447 -1
348  397  399  448 -1
349  398  449 -1
350  401  450 -1
351  400  402  451 -1
352  401  403  452 -1
353  402  404  453 -1
354  403  405  454 -1
355  404  406  455 -1
356  405  407  456 -1
357  406  408  457 -1
358  407  409  458 -1
359  408  410  459 -1
360  409  411  460 -1
361  410  412  461 -1
362  411  413  462 -1
363  412  414  463 -1
364  413  415  464 -1
365  414  416  465 -1
366  415  417  466 -1
367  416  418  467 -1
368  417  419  468 -1
369  418  420  469 -1
370  419  421  470 -1
371  420  422  471 -1
372  421  423  472 -1
373  422  424  473 -1
374  423  425  474 -1
375  424  426  475 -1
376  425  427  476 -1
377  426  428  477 -1
378  427  429  478 -1
379  428  430  479 -1
380  429  431  480 -1
381  430  432  481 -1
382  431  433  482 -1
383  432  434  483 -1
384  433  435  484 -1
385  434  436  485 -1
386  435  437  486 -1
387  436  438  487 -1
388  437  439  488 -1
389  438  440  489 -1
390  439  441  490 -1
391  440  442  491 -1
392  441  443  492 -1
393  442  444  493 -1
394  443  445  494 -1
395  444  446  495 -1
396  445  447  496 -1
397  446  448  497 -1
398  447  449  498 -1
399  448  499 -1
400  451  500 -1
401  450  452  501 -1
402  451  453  502 -1
403  452  454  503 -1
404  453  455  504 -1
405  454  456  505 -1
406  455  457  506 -1
407  456  458  507 -1
408  457  459  508 -1
409  458  460  509 -1
410  459  461  510 -1
411  460  462  511 -1
412  461  463  512 -1
413  462  464  513 -1
414  463  465  514 -1
415  464  466  515 -1
416  465  467  516 -1
417  466  468  517 -1
418  467  469  518 -1
419  468  470  519 -1
420  469  471  520 -1
421  470  472  521 -1
422  471  473  522 -1
423  472  474  523 -1
424  473  475  524 -1
425  474  476  525 -1
426  475  477  526 -1
427  476  478  527 -1
428  477  479  528 -1
429  478  480  529 -1
430  479  481  530 -1
431  480  482  531 -1
432  481  483  532 -1
433  482  484  533 -1
434  483  485  534 -1
435  484  486  535 -1
436  485  487  536 -1
437  486  488  537 -1
438  487  489  538 -1
439  488  490  539 -1
440  489  491  540 -1
441  490  492  541 -1
442  491  493  542 -1
443  492  494  543 -1
444  493  495  544 -1
445  494  496  545 -1
446  495  497  546 -1
447  496  498  547 -1
448  497  499  548 -1
449  498  549 -1
450  501  550 -1
451  500  502  551 -1
452  501  503  552 -1
453  502  504  553 -1
454  503  505  554 -1
455  504  506  555 -1
456  505  507  556 -1
457  506  508  557 -1
458  507  509  558 -1
459  508  510  559 -1
460  509  511  560 -1
461  510  512  561 -1
462  511  513  562 -1
463  512  514  563 -1
464  513  515  564 -1
465  514  516  565 -1
466  515  517  566 -1
467  516  518  567 -1
468  517  519  568 -1
469  518  520  569 -1
470  519  521  570 -1
471  520  522  571 -1
472  521  523  572 -1
473  522  524  573 -1
474  523  525  574 -1
475  524  526  575 -1
476  525  527  576 -1
477  526  528  577 -1
478  527  529  578 -1
479  528  530  579 -1
480  529  531  580 -1
481  530  532  581 -1
482  531  533  582 -1
483  532  534  583 -1
484  533  535  584 -1
485  534  536  585 -1
486  535  537  586 -1
487  536  538  587 -1
488  537  539  588 -1
489  538  540  589 -1
490  539  541  590 -1
491  540  542  591 -1
492  541  543  592 -1
493  542  544  593 -1
494  543  545  594 -1
495  544  546  595 -1
496  545  547  596 -1
497  546  548  597 -1
498  547  549  598 -1
499  548  599 -1
500  551  600 -1
501  550  552  601 -1
502  551  553  602 -1
503  552  554  603 -1
504  553  555  604 -1
505  554  556  605 -1
506  555  557  606 -1
507  556  558  607 -1
508  557  559  608 -1
509  558  560  609 -1
510  559  561  610 -1
511  560  562  611 -1
512  561  563  612 -1
513  562  564  613 -1
514  563  565  614 -1
515  564  566  615 -1
516  565  567  616 -1
517  566  568  617 -1
518  567  569  618 -1
519  568  570  619 -1
520  569  571  620 -1
521  570  572  621 -1
522  571  573  622 -1
523  572  574  623 -1
524  573  575  624 -1
525  574  576  625 -1
526  575  577  626 -1
527  576  578  627 -1
528  577  579  628 -1
529  578  580  629 -1
530  579  581  630 -1
531  580  582  631 -1
532  581  583  632 -1
533  582  584  633 -1
534  583  585  634 -1
535  584  586  635 -1
536  585  587  636 -1
537  586  588  637 -1
538  587  589  638 -1
539  588  590  639 -1
540  589  591  640 -1
541  590  592  641 -1
542  591  593  642 -1
543  592  594  643 -1
544  593  595  644 -1
545  594  596  645 -1
546  595  597  646 -1
547  596  598  647 -1
548  597  599  648 -1
549  598  649 -1
550  601  650 -1
551  600  602  651 -1
552  601  603  652 -1
553  602  604  653 -1
554  603  605  654 -1
555  604  606  655 -1
556  605  607  656 -1
557  606  608  657 -1
558  607  609  658 -1
559  608  610  659 -1
560  609  611  660 -1
561  610  612  661 -1
562  611  613  662 -1
563  612  614  663 -1
564  613  615  664 -1
565  614  616  665 -1
566  615  617  666 -1
567  616  618  667 -1
568  617  619  668 -1
569  618  620  669 -1
570  619  621  670 -1
571  620  622  671 -1
572  621  623  672 -1
573  622  624  673 -1
574  623  625  674 -1
575  624  626  675 -1
576  625  627  676 -1
577  626  628  677 -1
578  627  629  678 -1
579  628  630  679 -1
580  629  631  680 -1
581  630  632  681 -1
582  631  633  682 -1
583  632  634  683 -1
584  633  635  684 -1
585  634  636  685 -1
586  635  637  686 -1
587  636  638  687 -1
588  637  639  688 -1
589  638  640  689 -1
590  639  641  690 -1
591  640  642  691 -1
592  641  643  692 -1
593  642  644  693 -1
594  643  645  694 -1
595  644  646  695 -1
596  645  647  696 -1
597  646  648  697 -1
598  647  649  698 -1
599  648  699 -1
600  651  700 -1
601  650  652  701 -1
602  651  653  702 -1
603  652  654  703 -1
604  653  655  704 -1
605  654  656  705 -1
606  655  657  706 -1
607  656  658  707 -1
608  657  659  708 -1
609  658  660  709 -1
610  659  661  710 -1
611  660  662  711 -1
612  661  663  712 -1
613  662  664  713 -1
614  663  665  714 -1
615  664  666  715 -1
616  665  667  716 -1
617  666  668  717 -1
618  667  669  718 -1
619  668  670  719 -1
620  669  671  720 -1
621  670  672  721 -1
622  671  673  722 -1
623  672  674  723 -1
624  673  675  724 -1
625  674  676  725 -1
626  675  677  726 -1
627  676  678  727 -1
628  677  679  728 -1
629  678  680  729 -1
630  679  681  730 -1
631  680  682  731 -1
632  681  683  732 -1
633  682  684  733 -1
634  683  685  734 -1
635  684  686  735 -1
636  685  687  736 -1
637  686  688  737 -1
638  687  689  738 -1
639  688  690  739 -1
640  689  691  740 -1
641  690  692  741 -1
642  691  693  742 -1
643  692  694  743 -1
644  693  695  744 -1
645  694  696  745 -1
646  695  697  746 -1
647  696  698  747 -1
648  697  699  748 -1
649  698  749 -1
650  701  750 -1
651  700  702  751 -1
652  701  703  752 -1
653  702  704  753 -1
654  703  705  754 -1
655  704  706  755 -1
656  705  707  756 -1
657  706  708  757 -1
658  707  709  758 -1
659  708  710  759 -1
660  709  711  760 -1
661  710  712  761 -1
662  711  713  762 -1
663  712  714  763 -1
664  713  715  764 -1
665  714  716  765 -1
666  715  717  766 -1
667  716  718  767 -1
668  717  719  768 -1
669  718  720  769 -1
670  719  721  770 -1
671  720  722  771 -1
672  721  723  772 -1
673  722  724  773 -1
674  723  725  774 -1
675  724  726  775 -1
676  725  727  776 -1
677  726  728  777 -1
678  727  729  778 -1
679  728  730  779 -1
680  729  731  780 -1
681  730  732  781 -1
682  731  733  782 -1
683  732  734  783 -1
684  733  735  784 -1
685  734  736  785 -1
686  735  737  786 -1
687  736  738  787 -1
688  737  739  788 -1
689  738  740  789 -1
690  739  741  790 -1
691  740  742  791 -1
692  741  743  792 -1
693  742  744  793 -1
694  743  745  794 -1
695  744  746  795 -1
696  745  747  796 -1
697  746  748  797 -1
698  747  749  798 -1
699  748  799 -1
700  751  800 -1
701  750  752  801 -1
702  751  753  802 -1
703  752  754  803 -1
704  753  755  804 -1
705  754  756  805 -1
706  755  757  806 -1
707  756  758  807 -1
708  757  759  808 -1
709  758  760  809 -1
710  759  761  810 -1
711  760  762  811 -1
712  761  763  812 -1
713  762  764  813 -1
714  763  765  814 -1
715  764  766  815 -1
716  765  767  816 -1
717  766  768  817 -1
718  767  769  818 -1
719  768  770  819 -1
720  769  771  820 -1
721  770  772  821 -1
722  771  773  822 -1
723  772  774  823 -1
724  773  775  824 -1
725  774  776  825 -1
726  775  777  826 -1
727  776  778  827 -1
728  777  779  828 -1
729  778  780  829 -1
730  779  781  830 -1
731  780  782  831 -1
732  781  783  832 -1
733  782  784  833 -1
734  783  785  834 -1
735  784  786  835 -1
736  785  787  836 -1
737  786  788  837 -1
738  787  789  838 -1
739  788  790  839 -1
740  789  791  840 -1
741  790  792  841 -1
742  791  793  842 -1
743  792  794  843 -1
744  793  795  844 -1
745  794  796  845 -1
746  795  797  846 -1
747  796  798  847 -1
748  797  799  848 -1
749  798  849 -1
750  801  850 -1
751  800  802  851 -1
752  801  803  852 -1
753  802  804  853 -1
754  803  805  854 -1
755  804  806  855 -1
756  805  807  856 -1
757  806  808  857 -1
758  807  809  858 -1
759  808  810  859 -1
760  809  811  860 -1
761  810  812  861 -1
762  811  813  862 -1
763  812  814  863 -1
764  813  815  864 -1
765  814  816  865 -1
766  815  817  866 -1
767  816  818  867 -1
768  817  819  868 -1
769  818  820  869 -1
770  819  821  870 -1
771  820  822  871 -1
772  821  823  872 -1
773  822  824  873 -1
774  823  825  874 -1
775  824  826  875 -1
776  825  827  876 -1
777  826  828  877 -1
778  827  829  878 -1
779  828  830  879 -1
780  829  831  880 -1
781  830  832  881 -1
782  831  833  882 -1
783  832  834  883 -1
784  833  835  884 -1
785  834  836  885 -1
786  835  837  886 -1
787  836  838  887 -1
788  837  839  888 -1
789  838  840  889 -1
790  839  841  890 -1
791  840  842  891 -1
792  841  843  892 -1
793  842  844  893 -1
794  843  845  894 -1
795  844  846  895 -1
796  845  847  896 -1
797  846  848  897 -1
798  847  849  898 -1
799  848  899 -1
800  851  900 -1
801  850  852  901 -1
802  851  853  902 -1
803  852  854  903 -1
804  853  855  904 -1
805  854  856  905 -1
806  855  857  906 -1
807  856  858  907 -1
808  857  859  908 -1
809  858  860  909 -1
810  859  861  910 -1
811  860  862  911 -1
812  861  863  912 -1
813  862  864  913 -1
814  863  865  914 -1
815  864  866  915 -1
816  865  867  916 -1
817  866  868  917 -1
818  867  869  918 -1
819  868  870  919 -1
820  869  871  920 -1
821  870  872  921 -1
822  871  873  922 -1
823  872  874  923 -1
824  873  875  924 -1
825  874  876  925 -1
826  875  877  926 -1
827  876  878  927 -1
828  877  879  928 -1
829  878  880  929 -1
830  879  881  930 -1
831  880  882  931 -1
832  881  883  932 -1
833  882  884  933 -1
834  883  885  934 -1
835  884  886  935 -1
836  885  887  936 -1
837  886  888  937 -1
838  887  889  938 -1
839  888  890  939 -1
840  889  891  940 -1
841  890  892  941 -1
842  891  893  942 -1
843  892  894  943 -1
844  893  895  944 -1
845  894  896  945 -1
846  895  897  946 -1
847  896  898  947 -1
848  897  899  948 -1
849  898  949 -1
850  901  950 -1
851  900  902  951 -1
852  901  903  952 -1
853  902  904  953 -1
854  903  905  954 -1
855  904  906  955 -1
856  905  907  956 -1
857  906  908  957 -1
858  907  909  958 -1
859  908  910  959 -1
860  909  911  960 -1
861  910  912  961 -1
862  911  913  962 -1
863  912  914  963 -1
864  913  915  964 -1
865  914  916  965 -1
866  915  917  966 -1
867  916  918  967 -1
868  917  919  968 -1
869  918  920  969 -1
870  919  921  970 -1
871  920  922  971 -1
872  921  923  972 -1
873  922  924  973 -1
874  923  925  974 -1
875  924  926  975 -1
876  925  927  976 -1
877  926  928  977 -1
878  927  929  978 -1
879  928  930  979 -1
880  929  931  980 -1
881  930  932  981 -1
882  931  933  982 -1
883  932  934  983 -1
884  933  935  984 -1
885  934  936  985 -1
886  935  937  986 -1
887  936  938  987 -1
888  937  939  988 -1
889  938  940  989 -1
890  939  941  990 -1
891  940  942  991 -1
892  941  943  992 -1
893  942  944  993 -1
894  943  945  994 -1
895  944  946  995 -1
896  945  947  996 -1
897  946  948  997 -1
898  947  949  998 -1
899  948  999 -1
900  951 1000 -1
901  950  952 1001 -1
902  951  953 1002 -1
903  952  954 1003 -1
904  953  955 1004 -1
905  954  956 1005 -1
906  955  957 1006 -1
907  956  958 1007 -1
908  957  959 1008 -1
909  958  960 1009 -1
910  959  961 1010 -1
911  960  962 1011 -1
912  961  963 1012 -1
913  962  964 1013 -1
914  963  965 1014 -1
915  964  966 1015 -1
916  965  967 1016 -1
917  966  968 1017 -1
918  967  969 1018 -1
919  968  970 1019 -1
920  969  971 1020 -1
921  970  972 1021 -1
922  971  973 1022 -1
923  972  974 1023 -1
924  973  975 1024 -1
925  974  976 1025 -1
926  975  977 1026 -1
927  976  978 1027 -1
928  977  979 1028 -1
929  978  980 1029 -1
930  979  981 1030 -1
931  980  982 1031 -1
932  981  983 1032 -1
933  982  984 1033 -1
934  983  985 1034 -1
935  984  986 1035 -1
936  985  987 1036 -1
937  986  988 1037 -1
938  987  989 1038 -1
939  988  990 1039 -1
940  989  991 1040 -1
941  990  992 1041 -1
942  991  993 1042 -1
943  992  994 1043 -1
944  993  995 1044 -1
945  994  996 1045 -1
946  995  997 1046 -1
947  996  998 1047 -1
948  997  999 1048 -1
949  998 1049 -1
950 1001 1050 -1
951 1000 1002 1051 -1
952 1001 1003 1052 -1
953 1002 1004 1053 -1
954 1003 1005 1054 -1
955 1004 1006 1055 -1
956 1005 1007 1056 -1
957 1006 1008 1057 -1
958 1007 1009 1058 -1
959 1008 1010 1059 -1
960 1009 1011 1060 -1
961 1010 1012 1061 -1
962 1011 1013 1062 -1
963 1012 1014 1063 -1
964 1013 1015 1064 -1
965 1014 1016 1065 -1
966 1015 1017 1066 -1
967 1016 1018 1067 -1
968 1017 1019 1068 -1
969 1018 1020 1069 -1
970 1019 1021 1070 -1
971 1020 1022 1071 -1
972 1021 1023 1072 -1
973 1022 1024 1073 -1
974 1023 1025 1074 -1
975 1024 1026 1075 -1
976 1025 1027 1076 -1
977 1026 1028 1077 -1
978 1027 1029 1078 -1
979 1028 1030 1079 -1
980 1029 1031 1080 -1
981 1030 1032 1081 -1
982 1031 1033 1082 -1
983 1032 1034 1083 -1
984 1033 1035 1084 -1
985 1034 1036 1085 -1
986 1035 1037 1086 -1
987 1036 1038 1087 -1
988 1037 1039 1088 -1
989 1038 1040 1089 -1
990 1039 1041 1090 -1
991 1040 1042 1091 -1
992 1041 1043 1092 -1
993 1042 1044 1093 -1
994 1043 1045 1094 -1
995 1044 1046 1095 -1
996 1045 1047 1096 -1
997 1046 1048 1097 -1
998 1047 1049 1098 -1
999 1048 1099 -1
1000 1051 1100 -1
1001 1050 1052 1101 -1
1002 1051 1053 1102 -1
1003 1052 1054 1103 -1
1004 1053 1055 1104 -1
1005 1054 1056 1105 -1
1006 1055 1057 1106 -1
1007 1056 1058 1107 -1
1008 1057 1059 1108 -1
1009 1058 1060 1109 -1
1010 1059 1061 1110 -1
1011 1060 1062 1111 -1
1012 1061 1063 1112 -1
1013 1062 1064 1113 -1
1014 1063 1065 1114 -1
1015 1064 1066 1115 -1
1016 1065 1067 1116 -1
1017 1066 1068 1117 -1
1018 1067 1069 1118 -1
1019 1068 1070 1119 -1
1020 1069 1071 1120 -1
1021 1070 1072 1121 -1
1022 1071 1073 1122 -1
1023 1072 1074 1123 -1
1024 1073 1075 1124 -1
1025 1074 1076 1125 -1
1026 1075 1077 1126 -1
1027 1076 1078 1127 -1
1028 1077 1079 1128 -1
1029 1078 1080 1129 -1
1030 1079 1081 1130 -1
1031 1080 1082 1131 -1
1032 1081 1083 1132 -1
1033 1082 1084 1133 -1
1034 1083 1085 1134 -1
1035 1084 1086 1135 -1
1036 1085 1087 1136 -1
1037 1086 1088 1137 -1
1038 1087 1089 1138 -1
1039 1088 1090 1139 -1
1040 1089 1091 1140 -1
1041 1090 1092 1141 -1
1042 1091 1093 1142 -1
1043 1092 1094 1143 -1
1044 1093 1095 1144 -1
1045 1094 1096 1145 -1
1046 1095 1097 1146 -1
1047 1096 1098 1147 -1
1048 1097 1099 1148 -1
1049 1098 1149 -1
1050 1101 1150 -1
1051 1100 1102 1151 -1
1052 1101 1103 1152 -1
1053 1102 1104 1153 -1
1054 1103 1105 1154 -1
1055 1104 1106 1155 -1
1056 1105 1107 1156 -1
1057 1106 1108 1157 -1
1058 1107 1109 1158 -1
1059 1108 1110 1159 -1
1060 1109 1111 1160 -1
1061 1110 1112 1161 -1
1062 1111 1113 1162 -1
1063 1112 1114 1163 -1
1064 1113 1115 1164 -1
1065 1114 1116 1165 -1
1066 1115 1117 1166 -1
1067 1116 1118 1167 -1
1068 1117 1119 1168 -1
1069 1118 1120 1169 -1
1070 1119 1121 1170 -1
1071 1120 1122 1171 -1
1072 1121 1123 1172 -1
1073 1122 1124 1173 -1
1074 1123 1125 1174 -1
1075 1124 1126 1175 -1
1076 1125 1127 1176 -1
1077 1126 1128 1177 -1
1078 1127 1129 1178 -1
1079 1128 1130 1179 -1
1080 1129 1131 1180 -1
1081 1130 1132 1181 -1
1082 1131 1133 1182 -1
1083 1132 1134 1183 -1
1084 1133 1135 1184 -1
1085 1134 1136 1185 -1
1086 1135 1137 1186 -1
1087 1136 1138 1187 -1
1088 1137 1139 1188 -1
1089 1138 1140 1189 -1
1090 1139 1141 1190 -1
1091 1140 1142 1191 -1
1092 1141 1143 1192 -1
1093 1142 1144 1193 -1
1094 1143 1145 1194 -1
1095 1144 1146 1195 -1
1096 1145 1147 1196 -1
1097 1146 1148 1197 -1
1098 1147 1149 1198 -1
1099 1148 1199 -1
1100 1151 1200 -1
1101 1150 1152 1201 -1
1102 1151 1153 1202 -1
1103 1152 1154 1203 -1
1104 1153 1155 1204 -1
1105 1154 1156 1205 -1
1106 1155 1157 1206 -1
1107 1156 1158 1207 -1
1108 1157 1159 1208 -1
1109 1158 1160 1209 -1
1110 1159 1161 1210 -1
1111 1160 1162 1211 -1
1112 1161 1163 1212 -1
1113 1162 1164 1213 -1
1114 1163 1165 1214 -1
1115 1164 1166 1215 -1
1116 1165 1167 1216 -1
1117 1166 1168 1217 -1
1118 1167 1169 1218 -1
1119 1168 1170 1219 -1
1120 1169 1171 1220 -1
1121 1170 1172 1221 -1
1122 1171 1173 1222 -1
1123 1172 1174 1223 -1
1124 1173 1175 1224 -1
1125 1174 1176 1225 -1
1126 1175 1177 1226 -1
1127 1176 1178 1227 -1
1128 1177 1179 1228 -1
1129 1178 1180 1229 -1
1130 1179 1181 1230 -1
1131 1180 1182 1231 -1
1132 1181 1183 1232 -1
1133 1182 1184 1233 -1
1134 1183 1185 1234 -1
1135 1184 1186 1235 -1
1136 1185 1187 1236 -1
1137 1186 1188 1237 -1
1138 1187 1189 1238 -1
1139 1188 1190 1239 -1
1140 1189 1191 1240 -1
1141 1190 1192 1241 -1
1142 1191 1193 1242 -1
1143 1192 1194 1243 -1
1144 1193 1195 1244 -1
1145 1194 1196 1245 -1
1146 1195 1197 1246 -1
1147 1196 1198 1247 -1
1148 1197 1199 1248 -1
1149 1198 1249 -1
1150 1201 1250 -1
1151 1200 1202 1251 -1
1152 1201 1203 1252 -1
1153 1202 1204 1253 -1
1154 1203 1205 1254 -1
1155 1204 1206 1255 -1
1156 1205 1207 1256 -1
1157 1206 1208 1257 -1
1158 1207 1209 1258 -1
1159 1208 1210 1259 -1
1160 1209 1211 1260 -1
1161 1210 1212 1261 -1
1162 1211 1213 1262 -1
1163 1212 1214 1263 -1
1164 1213 1215 1264 -1
1165 1214 1216 1265 -1
1166 1215 1217 1266 -1
1167 1216 1218 1267 -1
1168 1217 1219 1268 -1
1169 1218 1220 1269 -1
1170 1219 1221 1270 -1
1171 1220 1222 1271 -1
1172 1221 1223 1272 -1
1173 1222 1224 1273 -1
1174 1223 1225 1274 -1
1175 1224 1226 1275 -1
1176 1225 1227 1276 -1
1177 1226 1228 1277 -1
1178 1227 1229 1278 -1
1179 1228 1230 1279 -1
1180 1229 1231 1280 -1
1181 1230 1232 1281 -1
1182 1231 1233 1282 -1
1183 1232 1234 1283 -1
1184 1233 1235 1284 -1
1185 1234 1236 1285 -1
1186 1235 1237 1286 -1
1187 1236 1238 1287 -1
1188 1237 1239 1288 -1
1189 1238 1240 1289 -1
1190 1239 1241 1290 -1
1191 1240 1242 1291 -1
1192 1241 1243 1292 -1
1193 1242 1244 1293 -1
1194 1243 1245 1294 -1
1195 1244 1246 1295 -1
1196 1245 1247 1296 -1
1197 1246 1248 1297 -1
1198 1247 1249 1298 -1
1199 1248 1299 -1
1200 1251 1300 -1
1201 1250 1252 1301 -1
1202 1251 1253 1302 -1
1203 1252 1254 1303 -1
1204 1253 1255 1304 -1
1205 1254 1256 1305 -1
1206 1255 1257 1306 -1
1207 1256 1258 1307 -1
1208 1257 1259 1308 -1
1209 1258 1260 1309 -1
1210 1259 1261 1310 -1
1211 1260 1262 1311 -1
1212 1261 1263 1312 -1
1213 1262 1264 1313 -1
1214 1263 1265 1314 -1
1215 1264 1266 1315 -1
1216 1265 1267 1316 -1
1217 1266 1268 1317 -1
1218 1267 1269 1318 -1
1219 1268 1270 1319 -1
1220 1269 1271 1320 -1
1221 1270 1272 1321 -1
1222 1271 1273 1322 -1
1223 1272 1274 1323 -1
1224 1273 1275 1324 -1
1225 1274 1276 1325 -1
1226 1275 1277 1326 -1
1227 1276 1278 1327 -1
1228 1277 1279 1328 -1
1229 1278 1280 1329 -1
1230 1279 1281 1330 -1
1231 1280 1282 1331 -1
1232 1281 1283 1332 -1
1233 1282 1284 1333 -1
1234 1283 1285 1334 -1
1235 1284 1286 1335 -1
1236 1285 1287 1336 -1
1237 1286 1288 1337 -1
1238 1287 1289 1338 -1
1239 1288 1290 1339 -1
1240 1289 1291 1340 -1
1241 1290 1292 1341 -1
1242 1291 1293 1342 -1
1243 1292 1294 1343 -1
1244 1293 1295 1344 -1
1245 1294 1296 1345 -1
1246 1295 1297 1346 -1
1247 1296 1298 1347 -1
1248 1297 1299 1348 -1
1249 1298 1349 -1
1250 1301 1350 -1
1251 1300 1302 1351 -1
1252 1301 1303 1352 -1
1253 1302 1304 1353 -1
1254 1303 1305 1354 -1
1255 1304 1306 1355 -1
1256 1305 1307 1356 -1
1257 1306 1308 1357 -1
1258 1307 1309 1358 -1
1259 1308 1310 1359 -1
1260 1309 1311 1360 -1
1261 1310 1312 1361 -1
1262 1311 1313 1362 -1
1263 1312 1314 1363 -1
1264 1313 1315 1364 -1
1265 1314 1316 1365 -1
1266 1315 1317 1366 -1
1267 1316 1318 1367 -1
1268 1317 1319 1368 -1
1269 1318 1320 1369 -1
1270 1319 1321 1370 -1
1271 1320 1322 1371 -1
1272 1321 1323 1372 -1
1273 1322 1324 1373 -1
1274 1323 1325 1374 -1
1275 1324 1326 1375 -1
1276 1325 1327 1376 -1
1277 1326 1328 1377 -1
1278 1327 1329 1378 -1
1279 1328 1330 1379 -1
1280 1329 1331 1380 -1
1281 1330 1332 1381 -1
1282 1331 1333 1382 -1
1283 1332 1334 1383 -1
1284 1333 1335 1384 -1
1285 1334 1336 1385 -1
1286 1335 1337 1386 -1
1287 1336 1338 1387 -1
1288 1337 1339 1388 -1
1289 1338 1340 1389 -1
1290 1339 1341 1390 -1
1291 1340 1342 1391 -1
1292 1341 1343 1392 -1
1293 1342 1344 1393 -1
1294 1343 1345 1394 -1
1295 1344 1346 1395 -1
1296 1345 1347 1396 -1
1297 1346 1348 1397 -1
1298 1347 1349 1398 -1
1299 1348 1399 -1
1300 1351 1400 -1
1301 1350 1352 1401 -1
1302 1351 1353 1402 -1
1303 1352 1354 1403 -1
1304 1353 1355 1404 -1
1305 1354 1356 1405 -1
1306 1355 1357 1406 -1
1307 1356 1358 1407 -1
1308 1357 1359 1408 -1
1309 1358 1360 1409 -1
1310 1359 1361 1410 -1
1311 1360 1362 1411 -1
1312 1361 1363 1412 -1
1313 1362 1364 1413 -1
1314 1363 1365 1414 -1
1315 1364 1366 1415 -1
1316 1365 1367 1416 -1
1317 1366 1368 1417 -1
1318 1367 1369 1418 -1
1319 1368 1370 1419 -1
1320 1369 1371 1420 -1
1321 1370 1372 1421 -1
1322 1371 1373 1422 -1
1323 1372 1374 1423 -1
1324 1373 1375 1424 -1
1325 1374 1376 1425 -1
1326 1375 1377 1426 -1
1327 1376 1378 1427 -1
1328 1377 1379 1428 -1
1329 1378 1380 1429 -1
1330 1379 1381 1430 -1
1331 1380 1382 1431 -1
1332 1381 1383 1432 -1
1333 1382 1384 1433 -1
1334 1383 1385 1434 -1
1335 1384 1386 1435 -1
1336 1385 1387 1436 -1
1337 1386 1388 1437 -1
1338 1387 1389 1438 -1
1339 1388 1390 1439 -1
1340 1389 1391 1440 -1
1341 1390 1392 1441 -1
1342 1391 1393 1442 -1
1343 1392 1394 1443 -1
1344 1393 1395 1444 -1
1345 1394 1396 1445 -1
1346 1395 1397 1446 -1
1347 1396 1398 1447 -1
1348 1397 1399 1448 -1
1349 1398 1449 -1
1350 1401 1450 -1
1351 1400 1402 1451 -1
1352 1401 1403 1452 -1
1353 1402 1404 1453 -1
1354 1403 1405 1454 -1
1355 1404 1406 1455 -1
1356 1405 1407 1456 -1
1357 1406 1408 1457 -1
1358 1407 1409 1458 -1
1359 1408 1410 1459 -1
1360 1409 1411 1460 -1
1361 1410 1412 1461 -1
1362 1411 1413 1462 -1
1363 1412 1414 1463 -1
1364 1413 1415 1464 -1
1365 1414 1416 1465 -1
1366 1415 1417 1466 -1
1367 1416 1418 1467 -1
1368 1417 1419 1468 -1
1369 1418 1420 1469 -1
1370 1419 1421 1470 -1
1371 1420 1422 1471 -1
1372 1421 1423 1472 -1
1373 1422 1424 1473 -1
1374 1423 1425 1474 -1
1375 1424 1426 1475 -1
1376 1425 1427 1476 -1
1377 1426 1428 1477 -1
1378 1427 1429 1478 -1
1379 1428 1430 1479 -1
1380 1429 1431 1480 -1
1381 1430 1432 1481 -1
1382 1431 1433 1482 -1
1383 1432 1434 1483 -1
1384 1433 1435 1484 -1
1385 1434 1436 1485 -1
1386 1435 1437 1486 -1
1387 1436 1438 1487 -1
1388 1437 1439 1488 -1
1389 1438 1440 1489 -1
1390 1439 1441 1490 -1
1391 1440 1442 1491 -1
1392 1441 1443 1492 -1
1393 1442 1444 1493 -1
1394 1443 1445 1494 -1
1395 1444 1446 1495 -1
1396 1445 1447 1496 -1
1397 1446 1448 1497 -1
1398 1447 1449 1498 -1
1399 1448 1499 -1
1400 1451 1500 -1
1401 1450 1452 1501 -1
1402 1451 1453 1502 -1
1403 1452 1454 1503 -1
1404 1453 1455 1504 -1
1405 1454 1456 1505 -1
1406 1455 1457 1506 -1
1407 1456 1458 1507 -1
1408 1457 1459 1508 -1
1409 1458 1460 1509 -1
1410 1459 1461 1510 -1
1411 1460 1462 1511 -1
1412 1461 1463 1512 -1
1413 1462 1464 1513 -1
1414 1463 1465 1514 -1
1415 1464 1466 1515 -1
1416 1465 1467 1516 -1
1417 1466 1468 1517 -1
1418 1467 1469 1518 -1
1419 1468 1470 1519 -1
1420 1469 1471 1520 -1
1421 1470 1472 1521 -1
1422 1471 1473 1522 -1
1423 1472 1474 1523 -1
1424 1473 1475 1524 -1
1425 1474 1476 1525 -1
1426 1475 1477 1526 -1
1427 1476 1478 1527 -1
1428 1477 1479 1528 -1
1429 1478 1480 1529 -1
1430 1479 1481 1530 -1
1431 1480 1482 1531 -1
1432 1481 1483 1532 -1
1433 1482 1484 1533 -1
1434 1483 1485 1534 -1
1435 1484 1486 1535 -1
1436 1485 1487 1536 -1
1437 1486 1488 1537 -1
1438 1487 1489 1538 -1
1439 1488 1490 1539 -1
1440 1489 1491 1540 -1
1441 1490 1492 1541 -1
1442 1491 1493 1542 -1
1443 1492 1494 1543 -1
1444 1493 1495 1544 -1
1445 1494 1496 1545 -1
1446 1495 1497 1546 -1
1447 1496 1498 1547 -1
1448 1497 1499 1548 -1
1449 1498 1549 -1
1450 1501 1550 -1
1451 1500 1502 1551 -1
1452 1501 1503 1552 -1
1453 1502 1504 1553 -1
1454 1503 1505 1554 -1
1455 1504 1506 1555 -1
1456 1505 1507 1556 -1
1457 1506 1508 1557 -1
1458 1507 1509 1558 -1
1459 1508 1510 1559 -1
1460 1509 1511 1560 -1
1461 1510 1512 1561 -1
1462 1511 1513 1562 -1
1463 1512 1514 1563 -1
1464 1513 1515 1564 -1
1465 1514 1516 1565 -1
1466 1515 1517 1566 -1
1467 1516 1518 1567 -1
1468 1517 1519 1568 -1
1469 1518 1520 1569 -1
1470 1519 1521 1570 -1
1471 1520 1522 1571 -1
1472 1521 1523 1572 -1
1473 1522 1524 1573 -1
1474 1523 1525 1574 -1
1475 1524 1526 1575 -1
1476 1525 1527 1576 -1
1477 1526 1528 1577 -1
1478 1527 1529 1578 -1
1479 1528 1530 1579 -1
1480 1529 1531 1580 -1
1481 1530 1532 1581 -1
1482 1531 1533 1582 -1
1483 1532 1534 1583 -1
1484 1533 1535 1584 -1
1485 1534 1536 1585 -1
1486 1535 1537 1586 -1
1487 1536 1538 1587 -1
1488 1537 1539 1588 -1
1489 1538 1540 1589 -1
1490 1539 1541 1590 -1
1491 1540 1542 1591 -1
1492 1541 1543 1592 -1
1493 1542 1544 1593 -1
1494 1543 1545 1594 -1
1495 1544 1546 1595 -1
1496 1545 1547 1596 -1
1497 1546 1548 1597 -1
1498 1547 1549 1598 -1
1499 1548 1599 -1
1500 1551 1600 -1
1501 1550 1552 1601 -1
1502 1551 1553 1602 -1
1503 1552 1554 1603 -1
1504 1553 1555 1604 -1
1505 1554 1556 1605 -1
1506 1555 1557 1606 -1
1507 1556 1558 1607 -1
1508 1557 1559 1608 -1
1509 1558 1560 1609 -1
1510 1559 1561 1610 -1
1511 1560 1562 1611 -1
1512 1561 1563 1612 -1
1513 1562 1564 1613 -1
1514 1563 1565 1614 -1
1515 1564 1566 1615 -1
1516 1565 1567 1616 -1
1517 1566 1568 1617 -1
1518 1567 1569 1618 -1
1519 1568 1570 1619 -1
1520 1569 1571 1620 -1
1521 1570 1572 1621 -1
1522 1571 1573 1622 -1
1523 1572 1574 1623 -1
1524 1573 1575 1624 -1
1525 1574 1576 1625 -1
1526 1575 1577 1626 -1
1527 1576 1578 1627 -1
1528 1577 1579 1628 -1
1529 1578 1580 1629 -1
1530 1579 1581 1630 -1
1531 1580 1582 1631 -1
1532 1581 1583 1632 -1
1533 1582 1584 1633 -1
1534 1583 1585 1634 -1
1535 1584 1586 1635 -1
1536 1585 1587 1636 -1
1537 1586 1588 1637 -1
1538 1587 1589 1638 -1
1539 1588 1590 1639 -1
1540 1589 1591 1640 -1
1541 1590 1592 1641 -1
1542 1591 1593 1642 -1
1543 1592 1594 1643 -1
1544 1593 1595 1644 -1
1545 1594 1596 1645 -1
1546 1595 1597 1646 -1
1547 1596 1598 1647 -1
1548 1597 1599 1648 -1
1549 1598 1649 -1
1550 1601 1650 -1
1551 1600 1602 1651 -1
1552 1601 1603 1652 -1
1553 1602 1604 1653 -1
1554 1603 1605 1654 -1
1555 1604 1606 1655 -1
1556 1605 1607 1656 -1
1557 1606 1608 1657 -1
1558 1607 1609 1658 -1
1559 1608 1610 1659 -1
1560 1609 1611 1660 -1
1561 1610 1612 1661 -1
1562 1611 1613 1662 -1
1563 1612 1614 1663 -1
1564 1613 1615 1664 -1
1565 1614 1616 1665 -1
1566 1615 1617 1666 -1
1567 1616 1618 1667 -1
1568 1617 1619 1668 -1
1569 1618 1620 1669 -1
1570 1619 1621 1670 -1
1571 1620 1622 1671 -1
1572 1621 1623 1672 -1
1573 1622 1624 1673 -1
1574 1623 1625 1674 -1
1575 1624 1626 1675 -1
1576 1625 1627 1676 -1
1577 1626 1628 1677 -1
1578 1627 1629 1678 -1
1579 1628 1630 1679 -1
1580 1629 1631 1680 -1
1581 1630 1632 1681 -1
1582 1631 1633 1682 -1
1583 1632 1634 1683 -1
1584 1633 1635 1684 -1
1585 1634 1636 1685 -1
1586 1635 1637 1686 -1
1587 1636 1638 1687 -1
1588 1637 1639 1688 -1
1589 1638 1640 1689 -1
1590 1639 1641 1690 -1
1591 1640 1642 1691 -1
1592 1641 1643 1692 -1
1593 1642 1644 1693 -1
1594 1643 1645 1694 -1
1595 1644 1646 1695 -1
1596 1645 1647 1696 -1
1597 1646 1648 1697 -1
1598 1647 1649 1698 -1
1599 1648 1699 -1
1600 1651 1700 -1
1601 1650 1652 1701 -1
1602 1651 1653 1702 -1
1603 1652 1654 1703 -1
1604 1653 1655 1704 -1
1605 1654 1656 1705 -1
1606 1655 1657 1706 -1
1607 1656 1658 1707 -1
1608 1657 1659 1708 -1
1609 1658 1660 1709 -1
1610 1659 1661 1710 -1
1611 1660 1662 1711 -1
1612 1661 1663 1712 -1
1613 1662 1664 1713 -1
1614 1663 1665 1714 -1
1615 1664 1666 1715 -1
1616 1665 1667 1716 -1
1617 1666 1668 1717 -1
1618 1667 1669 1718 -1
1619 1668 1670 1719 -1
1620 1669 1671 1720 -1
1621 1670 1672 1721 -1
1622 1671 1673 1722 -1
1623 1672 1674 1723 -1
1624 1673 1675 1724 -1
1625 1674 1676 1725 -1
1626 1675 1677 1726 -1
1627 1676 1678 1727 -1
1628 1677 1679 1728 -1
1629 1678 1680 1729 -1
1630 1679 1681 1730 -1
1631 1680 1682 1731 -1
1632 1681 1683 1732 -1
1633 1682 1684 1733 -1
1634 1683 1685 1734 -1
1635 1684 1686 1735 -1
1636 1685 1687 1736 -1
1637 1686 1688 1737 -1
1638 1687 1689 1738 -1
1639 1688 1690 1739 -1
1640 1689 1691 1740 -1
1641 1690 1692 1741 -1
1642 1691 1693 1742 -1
1643 1692 1694 1743 -1
1644 1693 1695 1744 -1
1645 1694 1696 1745 -1
1646 1695 1697 1746 -1
1647 1696 1698 1747 -1
1648 1697 1699 1748 -1
1649 1698 1749 -1
1650 1701 1750 -1
1651 1700 1702 1751 -1
1652 1701 1703 1752 -1
1653 1702 1704 1753 -1
1654 1703 1705 1754 -1
1655 1704 1706 1755 -1
1656 1705 1707 1756 -1
1657 1706 1708 1757 -1
1658 1707 1709 1758 -1
1659 1708 1710 1759 -1
1660 1709 1711 1760 -1
1661 1710 1712 1761 -1
1662 1711 1713 1762 -1
1663 1712 1714 1763 -1
1664 1713 1715 1764 -1
1665 1714 1716 1765 -1
1666 1715 1717 1766 -1
1667 1716 1718 1767 -1
1668 1717 1719 1768 -1
1669 1718 1720 1769 -1
1670 1719 1721 1770 -1
1671 1720 1722 1771 -1
1672 1721 1723 1772 -1
1673 1722 1724 1773 -1
1674 1723 1725 1774 -1
1675 1724 1726 1775 -1
1676 1725 1727 1776 -1
1677 1726 1728 1777 -1
1678 1727 1729 1778 -1
1679 1728 1730 1779 -1
1680 1729 1731 1780 -1
1681 1730 1732 1781 -1
1682 1731 1733 1782 -1
1683 1732 1734 1783 -1
1684 1733 1735 1784 -1
1685 1734 1736 1785 -1
1686 1735 1737 1786 -1
1687 1736 1738 1787 -1
1688 1737 1739 1788 -1
1689 1738 1740 1789 -1
1690 1739 1741 1790 -1
1691 1740 1742 1791 -1
1692 1741 1743 1792 -1
1693 1742 1744 1793 -1
1694 1743 1745 1794 -1
1695 1744 1746 1795 -1
1696 1745 1747 1796 -1
1697 1746 1748 1797 -1
1698 1747 1749 1798 -1
1699 1748 1799 -1
1700 1751 1800 -1
1701 1750 1752 1801 -1
1702 1751 1753 1802 -1
1703 1752 1754 1803 -1
1704 1753 1755 1804 -1
1705 1754 1756 1805 -1
1706 1755 1757 1806 -1
1707 1756 1758 1807 -1
1708 1757 1759 1808 -1
1709 1758 1760 1809 -1
1710 1759 1761 1810 -1
1711 1760 1762 1811 -1
1712 1761 1763 1812 -1
1713 1762 1764 1813 -1
1714 1763 1765 1814 -1
1715 1764 1766 1815 -1
1716 1765 1767 1816 -1
1717 1766 1768 1817 -1
1718 1767 1769 1818 -1
1719 1768 1770 1819 -1
1720 1769 1771 1820 -1
1721 1770 1772 1821 -1
1722 1771 1773 1822 -1
1723 1772 1774 1823 -1
1724 1773 1775 1824 -1
1725 1774 1776 1825 -1
1726 1775 1777 1826 -1
1727 1776 1778 1827 -1
1728 1777 1779 1828 -1
1729 1778 1780 1829 -1
1730 1779 1781 1830 -1
1731 1780 1782 1831 -1
1732 1781 1783 1832 -1
1733 1782 1784 1833 -1
1734 1783 1785 1834 -1
1735 1784 1786 1835 -1
1736 1785 1787 1836 -1
1737 1786 1788 1837 -1
1738 1787 1789 1838 -1
1739 1788 1790 1839 -1
1740 1789 1791 1840 -1
1741 1790 1792 1841 -1
1742 1791 1793 1842 -1
1743 1792 1794 1843 -1
1744 1793 1795 1844 -1
1745 1794 1796 1845 -1
1746 1795 1797 1846 -1
1747 1796 1798 1847 -1
1748 1797 1799 1848 -1
1749 1798 1849 -1
1750 1801 1850 -1
1751 1800 1802 1851 -1
1752 1801 1803 1852 -1
1753 1802 1804 1853 -1
1754 1803 1805 1854 -1
1755 1804 1806 1855 -1
1756 1805 1807 1856 -1
1757 1806 1808 1857 -1
1758 1807 1809 1858 -1
1759 1808 1810 1859 -1
1760 1809 1811 1860 -1
1761 1810 1812 1861 -1
1762 1811 1813 1862 -1
1763 1812 1814 1863 -1
1764 1813 1815 1864 -1
1765 1814 1816 1865 -1
1766 1815 1817 1866 -1
1767 1816 1818 1867 -1
1768 1817 1819 1868 -1
1769 1818 1820 1869 -1
1770 1819 1821 1870 -1
1771 1820 1822 1871 -1
1772 1821 1823 1872 -1
1773 1822 1824 1873 -1
1774 1823 1825 1874 -1
1775 1824 1826 1875 -1
1776 1825 1827 1876 -1
1777 1826 1828 1877 -1
1778 1827 1829 1878 -1
1779 1828 1830 1879 -1
1780 1829 1831 1880 -1
1781 1830 1832 1881 -1
1782 1831 1833 1882 -1
1783 1832 1834 1883 -1
1784 1833 1835 1884 -1
1785 1834 1836 1885 -1
1786 1835 1837 1886 -1
1787 1836 1838 1887 -1
1788 1837 1839 1888 -1
1789 1838 1840 1889 -1
1790 1839 1841 1890 -1
1791 1840 1842 1891 -1
1792 1841 1843 1892 -1
1793 1842 1844 1893 -1
1794 1843 1845 1894 -1
1795 1844 1846 1895 -1
1796 1845 1847 1896 -1
1797 1846 1848 1897 -1
1798 1847 1849 1898 -1
1799 1848 1899 -1
1800 1851 1900 -1
1801 1850 1852 1901 -1
1802 1851 1853 1902 -1
1803 1852 1854 1903 -1
1804 1853 1855 1904 -1
1805 1854 1856 1905 -1
1806 1855 1857 1906 -1
1807 1856 1858 1907 -1
1808 1857 1859 1908 -1
1809 1858 1860 1909 -1
1810 1859 1861 1910 -1
1811 1860 1862 1911 -1
1812 1861 1863 1912 -1
1813 1862 1864 1913 -1
1814 1863 1865 1914 -1
1815 1864 1866 1915 -1
1816 1865 1867 1916 -1
1817 1866 1868 1917 -1
1818 1867 1869 1918 -1
1819 1868 1870 1919 -1
1820 1869 1871 1920 -1
1821 1870 1872 1921 -1
1822 1871 1873 1922 -1
1823 1872 1874 1923 -1
1824 1873 1875 1924 -1
1825 1874 1876 1925 -1
1826 1875 1877 1926 -1
1827 1876 1878 1927 -1
1828 1877 1879 1928 -1
1829 1878 1880 1929 -1
1830 1879 1881 1930 -1
1831 1880 1882 1931 -1
1832 1881 1883 1932 -1
1833 1882 1884 1933 -1
1834 1883 1885 1934 -1
1835 1884 1886 1935 -1
1836 1885 1887 1936 -1
1837 1886 1888 1937 -1
1838 1887 1889 1938 -1
1839 1888 1890 1939 -1
1840 1889 1891 1940 -1
1841 1890 1892 1941 -1
1842 1891 1893 1942 -1
1843 1892 1894 1943 -1
1844 1893 1895 1944 -1
1845 1894 1896 1945 -1
1846 1895 1897 1946 -1
1847 1896 1898 1947 -1
1848 1897 1899 1948 -1
1849 1898 1949 -1
1850 1901 1950 -1
1851 1900 1902 1951 -1
1852 1901 1903 1952 -1
1853 1902 1904 1953 -1
1854 1903 1905 1954 -1
1855 1904 1906 1955 -1
1856 1905 1907 1956 -1
1857 1906 1908 1957 -1
1858 1907 1909 1958 -1
1859 1908 1910 1959 -1
1860 1909 1911 1960 -1
1861 1910 1912 1961 -1
1862 1911 1913 1962 -1
1863 1912 1914 1963 -1
1864 1913 1915 1964 -1
1865 1914 1916 1965 -1
1866 1915 1917 1966 -1
1867 1916 1918 1967 -1
1868 1917 1919 1968 -1
1869 1918 1920 1969 -1
1870 1919 1921 1970 -1
1871 1920 1922 1971 -1
1872 1921 1923 1972 -1
1873 1922 1924 1973 -1
1874 1923 1925 1974 -1
1875 1924 1926 1975 -1
1876 1925 1927 1976 -1
1877 1926 1928 1977 -1
1878 1927 1929 1978 -1
1879 1928 1930 1979 -1
1880 1929 1931 1980 -1
1881 1930 1932 1981 -1
1882 1931 1933 1982 -1
1883 1932 1934 1983 -1
1884 1933 1935 1984 -1
1885 1934 1936 1985 -1
1886 1935 1937 1986 -1
1887 1936 1938 1987 -1
1888 1937 1939 1988 -1
1889 1938 1940 1989 -1
1890 1939 1941 1990 -1
1891 1940 1942 1991 -1
1892 1941 1943 1992 -1
1893 1942 1944 1993 -1
1894 1943 1945 1994 -1
1895 1944 1946 1995 -1
1896 1945 1947 1996 -1
1897 1946 1948 1997 -1
1898 1947 1949 1998 -1
1899 1948 1999 -1
1900 1951 2000 -1
1901 1950 1952 2001 -1
1902 1951 1953 2002 -1
1903 1952 1954 2003 -1
1904 1953 1955 2004 -1
1905 1954 1956 2005 -1
1906 1955 1957 2006 -1
1907 1956 1958 2007 -1
1908 1957 1959 2008 -1
1909 1958 1960 2009 -1
1910 1959 1961 2010 -1
1911 1960 1962 2011 -1
1912 1961 1963 2012 -1
1913 1962 1964 2013 -1
1914 1963 1965 2014 -1
1915 1964 1966 2015 -1
1916 1965 1967 2016 -1
1917 1966 1968 2017 -1
1918 1967 1969 2018 -1
1919 1968 1970 2019 -1
1920 1969 1971 2020 -1
1921 1970 1972 2021 -1
1922 1971 1973 2022 -1
1923 1972 1974 2023 -1
1924 1973 1975 2024 -1
1925 1974 1976 2025 -1
1926 1975 1977 2026 -1
1927 1976 1978 2027 -1
1928 1977 1979 2028 -1
1929 1978 1980 2029 -1
1930 1979 1981 2030 -1
1931 1980 1982 2031 -1
1932 1981 1983 2032 -1
1933 1982 1984 2033 -1
1934 1983 1985 2034 -1
1935 1984 1986 2035 -1
1936 1985 1987 2036 -1
1937 1986 1988 2037 -1
1938 1987 1989 2038 -1
1939 1988 1990 2039 -1
1940 1989 1991 2040 -1
1941 1990 1992 2041 -1
1942 1991 1993 2042 -1
1943 1992 1994 2043 -1
1944 1993 1995 2044 -1
1945 1994 1996 2045 -1
1946 1995 1997 2046 -1
1947 1996 1998 2047 -1
1948 1997 1999 2048 -1
1949 1998 2049 -1
1950 2001 2050 -1
1951 2000 2002 2051 -1
1952 2001 2003 2052 -1
1953 2002 2004 2053 -1
1954 2003 2005 2054 -1
1955 2004 2006 2055 -1
1956 2005 2007 2056 -1
1957 2006 2008 2057 -1
1958 2007 2009 2058 -1
1959 2008 2010 2059 -1
1960 2009 2011 2060 -1
1961 2010 2012 2061 -1
1962 2011 2013 2062 -1
1963 2012 2014 2063 -1
1964 2013 2015 2064 -1
1965 2014 2016 2065 -1
1966 2015 2017 2066 -1
1967 2016 2018 2067 -1
1968 2017 2019 2068 -1
1969 2018 2020 2069 -1
1970 2019 2021 2070 -1
1971 2020 2022 2071 -1
1972 2021 2023 2072 -1
1973 2022 2024 2073 -1
1974 2023 2025 2074 -1
1975 2024 2026 2075 -1
1976 2025 2027 2076 -1
1977 2026 2028 2077 -1
1978 2027 2029 2078 -1
1979 2028 2030 2079 -1
1980 2029 2031 2080 -1
1981 2030 2032 2081 -1
1982 2031 2033 2082 -1
1983 2032 2034 2083 -1
1984 2033 2035 2084 -1
1985 2034 2036 2085 -1
1986 2035 2037 2086 -1
1987 2036 2038 2087 -1
1988 2037 2039 2088 -1
1989 2038 2040 2089 -1
1990 2039 2041 2090 -1
1991 2040 2042 2091 -1
1992 2041 2043 2092 -1
1993 2042 2044 2093 -1
1994 2043 2045 2094 -1
1995 2044 2046 2095 -1
1996 2045 2047 2096 -1
1997 2046 2048 2097 -1
1998 2047 2049 2098 -1
1999 2048 2099 -1
2000 2051 2100 -1
2001 2050 2052 2101 -1
2002 2051 2053 2102 -1
2003 2052 2054 2103 -1
2004 2053 2055 2104 -1
2005 2054 2056 2105 -1
2006 2055 2057 2106 -1
2007 2056 2058 2107 -1
2008 2057 2059 2108 -1
2009 2058 2060 2109 -1
2010 2059 2061 2110 -1
2011 2060 2062 2111 -1
2012 2061 2063 2112 -1
2013 2062 2064 2113 -1
2014 2063 2065 2114 -1
2015 2064 2066 2115 -1
2016 2065 2067 2116 -1
2017 2066 2068 2117 -1
2018 2067 2069 2118 -1
2019 2068 2070 2119 -1
2020 2069 2071 2120 -1
2021 2070 2072 2121 -1
2022 2071 2073 2122 -1
2023 2072 2074 2123 -1
2024 2073 2075 2124 -1
2025 2074 2076 2125 -1
2026 2075 2077 2126 -1
2027 2076 2078 2127 -1
2028 2077 2079 2128 -1
2029 2078 2080 2129 -1
2030 2079 2081 2130 -1
2031 2080 2082 2131 -1
2032 2081 2083 2132 -1
2033 2082 2084 2133 -1
2034 2083 2085 2134 -1
2035 2084 2086 2135 -1
2036 2085 2087 2136 -1
2037 2086 2088 2137 -1
2038 2087 2089 2138 -1
2039 2088 2090 2139 -1
2040 2089 2091 2140 -1
2041 2090 2092 2141 -1
2042 2091 2093 2142 -1
2043 2092 2094 2143 -1
2044 2093 2095 2144 -1
2045 2094 2096 2145 -1
2046 2095 2097 2146 -1
2047 2096 2098 2147 -1
2048 2097 2099 2148 -1
2049 2098 2149 -1
2050 2101 2150 -1
2051 2100 2102 2151 -1
2052 2101 2103 2152 -1
2053 2102 2104 2153 -1
2054 2103 2105 2154 -1
2055 2104 2106 2155 -1
2056 2105 2107 2156 -1
2057 2106 2108 2157 -1
2058 2107 2109 2158 -1
2059 2108 2110 2159 -1
2060 2109 2111 2160 -1
2061 2110 2112 2161 -1
2062 2111 2113 2162 -1
2063 2112 2114 2163 -1
2064 2113 2115 2164 -1
2065 2114 2116 2165 -1
2066 2115 2117 2166 -1
2067 2116 2118 2167 -1
2068 2117 2119 2168 -1
2069 2118 2120 2169 -1
2070 2119 2121 2170 -1
2071 2120 2122 2171 -1
2072 2121 2123 2172 -1
2073 2122 2124 2173 -1
2074 2123 2125 2174 -1
2075 2124 2126 2175 -1
2076 2125 2127 2176 -1
2077 2126 2128 2177 -1
2078 2127 2129 2178 -1
2079 2128 2130 2179 -1
2080 2129 2131 2180 -1
2081 2130 2132 2181 -1
2082 2131 2133 2182 -1
2083 2132 2134 2183 -1
2084 2133 2135 2184 -1
2085 2134 2136 2185 -1
2086 2135 2137 2186 -1
2087 2136 2138 2187 -1
2088 2137 2139 2188 -1
2089 2138 2140 2189 -1
2090 2139 2141 2190 -1
2091 2140 2142 2191 -1
2092 2141 2143 2192 -1
2093 2142 2144 2193 -1
2094 2143 2145 2194 -1
2095 2144 2146 2195 -1
2096 2145 2147 2196 -1
2097 2146 2148 2197 -1
2098 2147 2149 2198 -1
2099 2148 2199 -1
2100 2151 2200 -1
2101 2150 2152 2201 -1
2102 2151 2153 2202 -1
2103 2152 2154 2203 -1
2104 2153 2155 2204 -1
2105 2154 2156 2205 -1
2106 2155 2157 2206 -1
2107 2156 2158 2207 -1
2108 2157 2159 2208 -1
2109 2158 2160 2209 -1
2110 2159 2161 2210 -1
2111 2160 2162 2211 -1
2112 2161 2163 2212 -1
2113 2162 2164 2213 -1
2114 2163 2165 2214 -1
2115 2164 2166 2215 -1
2116 2165 2167 2216 -1
2117 2166 2168 2217 -1
2118 2167 2169 2218 -1
2119 2168 2170 2219 -1
2120 2169 2171 2220 -1
2121 2170 2172 2221 -1
2122 2171 2173 2222 -1
2123 2172 2174 2223 -1
2124 2173 2175 2224 -1
2125 2174 2176 2225 -1
2126 2175 2177 2226 -1
2127 2176 2178 2227 -1
2128 2177 2179 2228 -1
2129 2178 2180 2229 -1
2130 2179 2181 2230 -1
2131 2180 2182 2231 -1
2132 2181 2183 2232 -1
2133 2182 2184 2233 -1
2134 2183 2185 2234 -1
2135 2184 2186 2235 -1
2136 2185 2187 2236 -1
2137 2186 2188 2237 -1
2138 2187 2189 2238 -1
2139 2188 2190 2239 -1
2140 2189 2191 2240 -1
2141 2190 2192 2241 -1
2142 2191 2193 2242 -1
2143 2192 2194 2243 -1
2144 2193 2195 2244 -1
2145 2194 2196 2245 -1
2146 2195 2197 2246 -1
2147 2196 2198 2247 -1
2148 2197 2199 2248 -1
2149 2198 2249 -1
2150 2201 2250 -1
2151 2200 2202 2251 -1
2152 2201 2203 2252 -1
2153 2202 2204 2253 -1
2154 2203 2205 2254 -1
2155 2204 2206 2255 -1
2156 2205 2207 2256 -1
2157 2206 2208 2257 -1
2158 2207 2209 2258 -1
2159 2208 2210 2259 -1
2160 2209 2211 2260 -1
2161 2210 2212 2261 -1
2162 2211 2213 2262 -1
2163 2212 2214 2263 -1
2164 2213 2215 2264 -1
2165 2214 2216 2265 -1
2166 2215 2217 2266 -1
2167 2216 2218 2267 -1
2168 2217 2219 2268 -1
2169 2218 2220 2269 -1
2170 2219 2221 2270 -1
2171 2220 2222 2271 -1
2172 2221 2223 2272 -1
2173 2222 2224 2273 -1
2174 2223 2225 2274 -1
2175 2224 2226 2275 -1
2176 2225 2227 2276 -1
2177 2226 2228 2277 -1
2178 2227 2229 2278 -1
2179 2228 2230 2279 -1
2180 2229 2231 2280 -1
2181 2230 2232 2281 -1
2182 2231 2233 2282 -1
2183 2232 2234 2283 -1
2184 2233 2235 2284 -1
2185 2234 2236 2285 -1
2186 2235 2237 2286 -1
2187 2236 2238 2287 -1
2188 2237 2239 2288 -1
2189 2238 2240 2289 -1
2190 2239 2241 2290 -1
2191 2240 2242 2291 -1
2192 2241 2243 2292 -1
2193 2242 2244 2293 -1
2194 2243 2245 2294 -1
2195 2244 2246 2295 -1
2196 2245 2247 2296 -1
2197 2246 2248 2297 -1
2198 2247 2249 2298 -1
2199 2248 2299 -1
2200 2251 2300 -1
2201 2250 2252 2301 -1
2202 2251 2253 2302 -1
2203 2252 2254 2303 -1
2204 2253 2255 2304 -1
2205 2254 2256 2305 -1
2206 2255 2257 2306 -1
2207 2256 2258 2307 -1
2208 2257 2259 2308 -1
2209 2258 2260 2309 -1
2210 2259 2261 2310 -1
2211 2260 2262 2311 -1
2212 2261 2263 2312 -1
2213 2262 2264 2313 -1
2214 2263 2265 2314 -1
2215 2264 2266 2315 -1
2216 2265 2267 2316 -1
2217 2266 2268 2317 -1
2218 2267 2269 2318 -1
2219 2268 2270 2319 -1
2220 2269 2271 2320 -1
2221 2270 2272 2321 -1
2222 2271 2273 2322 -1
2223 2272 2274 2323 -1
2224 2273 2275 2324 -1
2225 2274 2276 2325 -1
2226 2275 2277 2326 -1
2227 2276 2278 2327 -1
2228 2277 2279 2328 -1
2229 2278 2280 2329 -1
2230 2279 2281 2330 -1
2231 2280 2282 2331 -1
2232 2281 2283 2332 -1
2233 2282 2284 2333 -1
2234 2283 2285 2334 -1
2235 2284 2286 2335 -1
2236 2285 2287 2336 -1
2237 2286 2288 2337 -1
2238 2287 2289 2338 -1
2239 2288 2290 2339 -1
2240 2289 2291 2340 -1
2241 2290 2292 2341 -1
2242 2291 2293 2342 -1
2243 2292 2294 2343 -1
2244 2293 2295 2344 -1
2245 2294 2296 2345 -1
2246 2295 2297 2346 -1
2247 2296 2298 2347 -1
2248 2297 2299 2348 -1
2249 2298 2349 -1
2250 2301 2350 -1
2251 2300 2302 2351 -1
2252 2301 2303 2352 -1
2253 2302 2304 2353 -1
2254 2303 2305 2354 -1
2255 2304 2306 2355 -1
2256 2305 2307 2356 -1
2257 2306 2308 2357 -1
2258 2307 2309 2358 -1
2259 2308 2310 2359 -1
2260 2309 2311 2360 -1
2261 2310 2312 2361 -1
2262 2311 2313 2362 -1
2263 2312 2314 2363 -1
2264 2313 2315 2364 -1
2265 2314 2316 2365 -1
2266 2315 2317 2366 -1
2267 2316 2318 2367 -1
2268 2317 2319 2368 -1
2269 2318 2320 2369 -1
2270 2319 2321 2370 -1
2271 2320 2322 2371 -1
2272 2321 2323 2372 -1
2273 2322 2324 2373 -1
2274 2323 2325 2374 -1
2275 2324 2326 2375 -1
2276 2325 2327 2376 -1
2277 2326 2328 2377 -1
2278 2327 2329 2378 -1
2279 2328 2330 2379 -1
2280 2329 2331 2380 -1
2281 2330 2332 2381 -1
2282 2331 2333 2382 -1
2283 2332 2334 2383 -1
2284 2333 2335 2384 -1
2285 2334 2336 2385 -1
2286 2335 2337 2386 -1
2287 2336 2338 2387 -1
2288 2337 2339 2388 -1
2289 2338 2340 2389 -1
2290 2339 2341 2390 -1
2291 2340 2342 2391 -1
2292 2341 2343 2392 -1
2293 2342 2344 2393 -1
2294 2343 2345 2394 -1
2295 2344 2346 2395 -1
2296 2345 2347 2396 -1
2297 2346 2348 2397 -1
2298 2347 2349 2398 -1
2299 2348 2399 -1
2300 2351 2400 -1
2301 2350 2352 2401 -1
2302 2351 2353 2402 -1
2303 2352 2354 2403 -1
2304 2353 2355 2404 -1
2305 2354 2356 2405 -1
2306 2355 2357 2406 -1
2307 2356 2358 2407 -1
2308 2357 2359 2408 -1
2309 2358 2360 2409 -1
2310 2359 2361 2410 -1
2311 2360 2362 2411 -1
2312 2361 2363 2412 -1
2313 2362 2364 2413 -1
2314 2363 2365 2414 -1
2315 2364 2366 2415 -1
2316 2365 2367 2416 -1
2317 2366 2368 2417 -1
2318 2367 2369 2418 -1
2319 2368 2370 2419 -1
2320 2369 2371 2420 -1
2321 2370 2372 2421 -1
2322 2371 2373 2422 -1
2323 2372 2374 2423 -1
2324 2373 2375 2424 -1
2325 2374 2376 2425 -1
2326 2375 2377 2426 -1
2327 2376 2378 2427 -1
2328 2377 2379 2428 -1
2329 2378 2380 2429 -1
2330 2379 2381 2430 -1
2331 2380 2382 2431 -1
2332 2381 2383 2432 -1
2333 2382 2384 2433 -1
2334 2383 2385 2434 -1
2335 2384 2386 2435 -1
2336 2385 2387 2436 -1
2337 2386 2388 2437 -1
2338 2387 2389 2438 -1
2339 2388 2390 2439 -1
2340 2389 2391 2440 -1
2341 2390 2392 2441 -1
2342 2391 2393 2442 -1
2343 2392 2394 2443 -1
2344 2393 2395 2444 -1
2345 2394 2396 2445 -1
2346 2395 2397 2446 -1
2347 2396 2398 2447 -1
2348 2397 2399 2448 -1
2349 2398 2449 -1
2350 2401 2450 -1
2351 2400 2402 2451 -1
2352 2401 2403 2452 -1
2353 2402 2404 2453 -1
2354 2403 2405 2454 -1
2355 2404 2406 2455 -1
2356 2405 2407 2456 -1
2357 2406 2408 2457 -1
2358 2407 2409 2458 -1
2359 2408 2410 2459 -1
2360 2409 2411 2460 -1
2361 2410 2412 2461 -1
2362 2411 2413 2462 -1
2363 2412 2414 2463 -1
2364 2413 2415 2464 -1
2365 2414 2416 2465 -1
2366 2415 2417 2466 -1
2367 2416 2418 2467 -1
2368 2417 2419 2468 -1
2369 2418 2420 2469 -1
2370 2419 2421 2470 -1
2371 2420 2422 2471 -1
2372 2421 2423 2472 -1
2373 2422 2424 2473 -1
2374 2423 2425 2474 -1
2375 2424 2426 2475 -1
2376 2425 2427 2476 -1
2377 2426 2428 2477 -1
2378 2427 2429 2478 -1
2379 2428 2430 2479 -1
2380 2429 2431 2480 -1
2381 2430 2432 2481 -1
2382 2431 2433 2482 -1
2383 2432 2434 2483 -1
2384 2433 2435 2484 -1
2385 2434 2436 2485 -1
2386 2435 2437 2486 -1
2387 2436 2438 2487 -1
2388 2437 2439 2488 -1
2389 2438 2440 2489 -1
2390 2439 2441 2490 -1
2391 2440 2442 2491 -1
2392 2441 2443 2492 -1
2393 2442 2444 2493 -1
2394 2443 2445 2494 -1
2395 2444 2446 2495 -1
2396 2445 2447 2496 -1
2397 2446 2448 2497 -1
2398 2447 2449 2498 -1
2399 2448 2499 -1
2400 2451 -1
2401 2450 2452 -1
2402 2451 2453 -1
2403 2452 2454 -1
2404 2453 2455 -1
2405 2454 2456 -1
2406 2455 2457 -1
2407 2456 2458 -1
2408 2457 2459 -1
2409 2458 2460 -1
2410 2459 2461 -1
2411 2460 2462 -1
2412 2461 2463 -1
2413 2462 2464 -1
2414 2463 2465 -1
2415 2464 2466 -1
2416 2465 2467 -1
2417 2466 2468 -1
2418 2467 2469 -1
2419 2468 2470 -1
2420 2469 2471 -1
2421 2470 2472 -1
2422 2471 2473 -1
2423 2472 2474 -1
2424 2473 2475 -1
2425 2474 2476 -1
2426 2475 2477 -1
2427 2476 2478 -1
2428 2477 2479 -1
2429 2478 2480 -1
2430 2479 2481 -1
2431 2480 2482 -1
2432 2481 2483 -1
2433 2482 2484 -1
2434 2483 2485 -1
2435 2484 2486 -1
2436 2485 2487 -1
2437 2486 2488 -1
2438 2487 2489 -1
2439 2488 2490 -1
2440 2489 2491 -1
2441 2490 2492 -1
2442 2491 2493 -1
2443 2492 2494 -1
2444 2493 2495 -1
2445 2494 2496 -1
2446 2495 2497 -1
2447 2496 2498 -1
2448 2497 2499 -1
2449 2498 -1