600
1   20 -1
0    2   21 -1
1    3   22 -1
2    4   23 -1
3    5   24 -1
4    6   25 -1
5    7   26 -1
6    8   27 -1
7    9   28 -1
8   10   29 -1
9   11   30 -1
10   12   31 -1
11   13   32 -1
12   14   33 -1
13   15   34 -1
14   16   35 -1
15   17   36 -1
16   18   37 -1
17   19   38 -1
18   39 -1
0   21   40 -1
1   20   22   41 -1
2   21   23   42 -1
3   22   24   43 -1
4   23   25   44 -1
5   24   26   45 -1
6   25   27   46 -1
7   26   28   47 -1
8   27   29   48 -1
9   28   30   49 -1
10   29   31   50 -1
11   30   32   51 -1
12   31   33   52 -1
13   32   34   53 -1
14   33   35   54 -1
15   34   36   55 -1
16   35   37   56 -1
17   36   38   57 -1
18   37   39   58 -1
19   38   59 -1
20   41   60 -1
21   40   42   61 -1
22   41   43   62 -1
23   42   44   63 -1
24   43   45   64 -1
25   44   46   65 -1
26   45   47   66 -1
27   46   48   67 -1
28   47   49   68 -1
29   48   50   69 -1
30   49   51   70 -1
31   50   52   71 -1
32   51   53   72 -1
33   52   54   73 -1
34   53   55   74 -1
35   54   56   75 -1
36   55   57   76 -1
37   56   58   77 -1
38   57   59   78 -1
39   58   79 -1
40   61   80 -1
41   60   62   81 -1
42   61   63   82 -1
43   62   64   83 -1
44   63   65   84 -1
45   64   66   85 -1
46   65   67   86 -1
47   66   68   87 -1
48   67   69   88 -1
49   68   70   89 -1
50   69   71   90 -1
51   70   72   91 -1
52   71   73   92 -1
53   72   74   93 -1
54   73   75   94 -1
55   74   76   95 -1
56   75   77   96 -1
57   76   78   97 -1
58   77   79   98 -1
59   78   99 -1
60   81  100 -1
61   80   82  101 -1
62   81   83  102 -1
63   82   84  103 -1
64   83   85  104 -1
65   84   86  105 -1
66   85   87  106 -1
67   86   88  107 -1
68   87   89  108 -1
69   88   90  109 -1
70   89   91  110 -1
71   90   92  111 -1
72   91   93  112 -1
73   92   94  113 -1
74   93   95  114 -1
75   94   96  115 -1
76   95   97  116 -1
77   96   98  117 -1
78   97   99  118 -1
79   98  119 -1
80  101  120 -1
81  100  102  121 -1
82  101  103  122 -1
83  102  104  123 -1
84  103  105  124 -1
85  104  106  125 -1
86  105  107  126 -1
87  106  108  127 -1
88  107  109  128 -1
89  108  110  129 -1
90  109  111  130 -1
91  110  112  131 -1
92  111  113  132 -1
93  112  114  133 -1
94  113  115  134 -1
95  114  116  135 -1
96  115  117  136 -1
97  116  118  137 -1
98  117  119  138 -1
99  118  139 -1
100  121  140 -1
101  120  122  141 -1
102  121  123  142 -1
103  122  124  143 -1
104  123  125  144 -1
105  124  126  145 -1
106  125  127  146 -1
107  126  128  147 -1
108  127  129  148 -1
109  128  130  149 -1
110  129  131  150 -1
111  130  132  151 -1
112  131  133  152 -1
113  132  134  153 -1
114  133  135  154 -1
115  134  136  155 -1
116  135  137  156 -1
117  136  138  157 -1
118  137  139  158 -1
119  138  159 -1
120  141  160 -1
121  140  142  161 -1
122  141  143  162 -1
123  142  144  163 -1
124  143  145  164 -1
125  144  146  165 -1
126  145  147  166 -1
127  146  148  167 -1
128  147  149  168 -1
129  148  150  169 -1
130  149  151  170 -1
131  150  152  171 -1
132  151  153  172 -1
133  152  154  173 -1
134  153  155  174 -1
135  154  156  175 -1
136  155  157  176 -1
137  156  158  177 -1
138  157  159  178 -1
139  158  179 -1
140  161  180 -1
141  160  162  181 -1
142  161  163  182 -1
143  162  164  183 -1
144  163  165  184 -1
145  164  166  185 -1
146  165  167  186 -1
147  166  168  187 -1
148  167  169  188 -1
149  168  170  189 -1
150  169  171  190 -1
151  170  172  191 -1
152  171  173  192 -1
153  172  174  193 -1
154  173  175  194 -1
155  174  176  195 -1
156  175  177  196 -1
157  176  178  197 -1
158  177  179  198 -1
159  178  199 -1
160  181  200 -1
161  180  182  201 -1
162  181  183  202 -1
163  182  184  203 -1
164  183  185  204 -1
165  184  186  205 -1
166  185  187  206 -1
167  186  188  207 -1
168  187  189  208 -1
169  188  190  209 -1
170  189  191  210 -1
171  190  192  211 -1
172  191  193  212 -1
173  192  194  213 -1
174  193  195  214 -1
175  194  196  215 -1
176  195  197  216 -1
177  196  198  217 -1
178  197  199  218 -1
179  198  219 -1
180  201  220 -1
181  200  202  221 -1
182  201  203  222 -1
183  202  204  223 -1
184  203  205  224 -1
185  204  206  225 -1
186  205  207  226 -1
187  206  208  227 -1
188  207  209  228 -1
189  208  210  229 -1
190  209  211  230 -1
191  210  212  231 -1
192  211  213  232 -1
193  212  214  233 -1
194  213  215  234 -1
195  214  216  235 -1
196  215  217  236 -1
197  216  218  237 -1
198  217  219  238 -1
199  218  239 -1
200  221  240 -1
201  220  222  241 -1
202  221  223  242 -1
203  222  224  243 -1
204  223  225  244 -1
205  224  226  245 -1
206  225  227  246 -1
207  226  228  247 -1
208  227  229  248 -1
209  228  230  249 -1
210  229  231  250 -1
211  230  232  251 -1
212  231  233  252 -1
213  232  234  253 -1
214  233  235  254 -1
215  234  236  255 -1
216  235  237  256 -1
217  236  238  257 -1
218  237  239  258 -1
219  238  259 -1
220  241  260 -1
221  240  242  261 -1
222  241  243  262 -1
223  242  244  263 -1
224  243  245  264 -1
225  244  246  265 -1
226  245  247  266 -1
227  246  248  267 -1
228  247  249  268 -1
229  248  250  269 -1
230  249  251  270 -1
231  250  252  271 -1
232  251  253  272 -1
233  252  254  273 -1
234  253  255  274 -1
235  254  256  275 -1
236  255  257  276 -1
237  256  258  277 -1
238  257  259  278 -1
239  258  279 -1
240  261  280 -1
241  260  262  281 -1
242  261  263  282 -1
243  262  264  283 -1
244  263  265  284 -1
245  264  266  285 -1
246  265  267  286 -1
247  266  268  287 -1
248  267  269  288 -1
249  268  270  289 -1
250  269  271  290 -1
251  270  272  291 -1
252  271  273  292 -1
253  272  274  293 -1
254  273  275  294 -1
255  274  276  295 -1
256  275  277  296 -1
257  276  278  297 -1
258  277  279  298 -1
259  278  299 -1
260  281  300 -1
261  280  282  301 -1
262  281  283  302 -1
263  282  284  303 -1
264  283  285  304 -1
265  284  286  305 -1
266  285  287  306 -1
267  286  288  307 -1
268  287  289  308 -1
269  288  290  309 -1
270  289  291  310 -1
271  290  292  311 -1
272  291  293  312 -1
273  292  294  313 -1
274  293  295  314 -1
275  294  296  315 -1
276  295  297  316 -1
277  296  298  317 -1
278  297  299  318 -1
279  298  319 -1
280  301  320 -1
281  300  302  321 -1
282  301  303  322 -1
283  302  304  323 -1
284  303  305  324 -1
285  304  306  325 -1
286  305  307  326 -1
287  306  308  327 -1
288  307  309  328 -1
289  308  310  329 -1
290  309  311  330 -1
291  310  312  331 -1
292  311  313  332 -1
293  312  314  333 -1
294  313  315  334 -1
295  314  316  335 -1
296  315  317  336 -1
297  316  318  337 -1
298  317  319  338 -1
299  318  339 -1
300  321  340 -1
301  320  322  341 -1
302  321  323  342 -1
303  322  324  343 -1
304  323  325  344 -1
305  324  326  345 -1
306  325  327  346 -1
307  326  328  347 -1
308  327  329  348 -1
309  328  330  349 -1
310  329  331  350 -1
311  330  332  351 -1
312  331  333  352 -1
313  332  334  353 -1
314  333  335  354 -1
315  334  336  355 -1
316  335  337  356 -1
317  336  338  357 -1
318  337  339  358 -1
319  338  359 -1
320  341  360 -1
321  340  342  361 -1
322  341  343  362 -1
323  342  344  363 -1
324  343  345  364 -1
325  344  346  365 -1
326  345  347  366 -1
327  346  348  367 -1
328  347  349  368 -1
329  348  350  369 -1
330  349  351  370 -1
331  350  352  371 -1
332  351  353  372 -1
333  352  354  373 -1
334  353  355  374 -1
335  354  356  375 -1
336  355  357  376 -1
337  356  358  377 -1
338  357  359  378 -1
339  358  379 -1
340  361  380 -1
341  360  362  381 -1
342  361  363  382 -1
343  362  364  383 -1
344  363  365  384 -1
345  364  366  385 -1
346  365  367  386 -1
347  366  368  387 -1
348  367  369  388 -1
349  368  370  389 -1
350  369  371  390 -1
351  370  372  391 -1
352  371  373  392 -1
353  372  374  393 -1
354  373  375  394 -1
355  374  376  395 -1
356  375  377  396 -1
357  376  378  397 -1
358  377  379  398 -1
359  378  399 -1
360  381  400 -1
361  380  382  401 -1
362  381  383  402 -1
363  382  384  403 -1
364  383  385  404 -1
365  384  386  405 -1
366  385  387  406 -1
367  386  388  407 -1
368  387  389  408 -1
369  388  390  409 -1
370  389  391  410 -1
371  390  392  411 -1
372  391  393  412 -1
373  392  394  413 -1
374  393  395  414 -1
375  394  396  415 -1
376  395  397  416 -1
377  396  398  417 -1
378  397  399  418 -1
379  398  419 -1
380  401  420 -1
381  400  402  421 -1
382  401  403  422 -1
383  402  404  423 -1
384  403  405  424 -1
385  404  406  425 -1
386  405  407  426 -1
387  406  408  427 -1
388  407  409  428 -1
389  408  410  429 -1
390  409  411  430 -1
391  410  412  431 -1
392  411  413  432 -1
393  412  414  433 -1
394  413  415  434 -1
395  414  416  435 -1
396  415  417  436 -1
397  416  418  437 -1
398  417  419  438 -1
399  418  439 -1
400  421  440 -1
401  420  422  441 -1
402  421  423  442 -1
403  422  424  443 -1
404  423  425  444 -1
405  424  426  445 -1
406  425  427  446 -1
407  426  428  447 -1
408  427  429  448 -1
409  428  430  449 -1
410  429  431  450 -1
411  430  432  451 -1
412  431  433  452 -1
413  432  434  453 -1
414  433  435  454 -1
415  434  436  455 -1
416  435  437  456 -1
417  436  438  457 -1
418  437  439  458 -1
419  438  459 -1
420  441  460 -1
421  440  442  461 -1
422  441  443  462 -1
423  442  444  463 -1
424  443  445  464 -1
425  444  446  465 -1
426  445  447  466 -1
427  446  448  467 -1
428  447  449  468 -1
429  448  450  469 -1
430  449  451  470 -1
431  450  452  471 -1
432  451  453  472 -1
433  452  454  473 -1
434  453  455  474 -1
435  454  456  475 -1
436  455  457  476 -1
437  456  458  477 -1
438  457  459  478 -1
439  458  479 -1
440  461  480 -1
441  460  462  481 -1
442  461  463  482 -1
443  462  464  483 -1
444  463  465  484 -1
445  464  466  485 -1
446  465  467  486 -1
447  466  468  487 -1
448  467  469  488 -1
449  468  470  489 -1
450  469  471  490 -1
451  470  472  491 -1
452  471  473  492 -1
453  472  474  493 -1
454  473  475  494 -1
455  474  476  495 -1
456  475  477  496 -1
457  476  478  497 -1
458  477  479  498 -1
459  478  499 -1
460  481  500 -1
461  480  482  501 -1
462  481  483  502 -1
463  482  484  503 -1
464  483  485  504 -1
465  484  486  505 -1
466  485  487  506 -1
467  486  488  507 -1
468  487  489  508 -1
469  488  490  509 -1
470  489  491  510 -1
471  490  492  511 -1
472  491  493  512 -1
473  492  494  513 -1
474  493  495  514 -1
475  494  496  515 -1
476  495  497  516 -1
477  496  498  517 -1
478  497  499  518 -1
479  498  519 -1
480  501  520 -1
481  500  502  521 -1
482  501  503  522 -1
483  502  504  523 -1
484  503  505  524 -1
485  504  506  525 -1
486  505  507  526 -1
487  506  508  527 -1
488  507  509  528 -1
489  508  510  529 -1
490  509  511  530 -1
491  510  512  531 -1
492  511  513  532 -1
493  512  514  533 -1
494  513  515  534 -1
495  514  516  535 -1
496  515  517  536 -1
497  516  518  537 -1
498  517  519  538 -1
499  518  539 -1
500  521  540 -1
501  520  522  541 -1
502  521  523  542 -1
503  522  524  543 -1
504  523  525  544 -1
505  524  526  545 -1
506  525  527  546 -1
507  526  528  547 -1
508  527  529  548 -1
509  528  530  549 -1
510  529  531  550 -1
511  530  532  551 -1
512  531  533  552 -1
513  532  534  553 -1
514  533  535  554 -1
515  534  536  555 -1
516  535  537  556 -1
517  536  538  557 -1
518  537  539  558 -1
519  538  559 -1
520  541  560 -1
521  540  542  561 -1
522  541  543  562 -1
523  542  544  563 -1
524  543  545  564 -1
525  544  546  565 -1
526  545  547  566 -1
527  546  548  567 -1
528  547  549  568 -1
529  548  550  569 -1
530  549  551  570 -1
531  550  552  571 -1
532  551  553  572 -1
533  552  554  573 -1
534  553  555  574 -1
535  554  556  575 -1
536  555  557  576 -1
537  556  558  577 -1
538  557  559  578 -1
539  558  579 -1
540  561  580 -1
541  560  562  581 -1
542  561  563  582 -1
543  562  564  583 -1
544  563  565  584 -1
545  564  566  585 -1
546  565  567  586 -1
547  566  568  587 -1
548  567  569  588 -1
549  568  570  589 -1
550  569  571  590 -1
551  570  572  591 -1
552  571  573  592 -1
553  572  574  593 -1
554  573  575  594 -1
555  574  576  595 -1
556  575  577  596 -1
557  576  578  597 -1
558  577  579  598 -1
559  578  599 -1
560  581 -1
561  580  582 -1
562  581  583 -1
563  582  584 -1
564  583  585 -1
565  584  586 -1
566  585  587 -1
567  586  588 -1
568  587  589 -1
569  588  590 -1
570  589  591 -1
571  590  592 -1
572  591  593 -1
573  592  594 -1
574  593  595 -1
575  594  596 -1
576  595  597 -1
577  596  598 -1
578  597  599 -1
579  598 -1