100
1   10 -1
0    2   11 -1
1    3   12 -1
2    4   13 -1
3    5   14 -1
4    6   15 -1
5    7   16 -1
6    8   17 -1
7    9   18 -1
8   19 -1
0   11   20 -1
1   10   12   21 -1
2   11   13   22 -1
3   12   14   23 -1
4   13   15   24 -1
5   14   16   25 -1
6   15   17   26 -1
7   16   18   27 -1
8   17   19   28 -1
9   18   29 -1
10   21   30 -1
11   20   22   31 -1
12   21   23   32 -1
13   22   24   33 -1
14   23   25   34 -1
15   24   26   35 -1
16   25   27   36 -1
17   26   28   37 -1
18   27   29   38 -1
19   28   39 -1
20   31   40 -1
21   30   32   41 -1
22   31   33   42 -1
23   32   34   43 -1
24   33   35   44 -1
25   34   36   45 -1
26   35   37   46 -1
27   36   38   47 -1
28   37   39   48 -1
29   38   49 -1
30   41   50 -1
31   40   42   51 -1
32   41   43   52 -1
33   42   44   53 -1
34   43   45   54 -1
35   44   46   55 -1
36   45   47   56 -1
37   46   48   57 -1
38   47   49   58 -1
39   48   59 -1
40   51   60 -1
41   50   52   61 -1
42   51   53   62 -1
43   52   54   63 -1
44   53   55   64 -1
45   54   56   65 -1
46   55   57   66 -1
47   56   58   67 -1
48   57   59   68 -1
49   58   69 -1
50   61   70 -1
51   60   62   71 -1
52   61   63   72 -1
53   62   64   73 -1
54   63   65   74 -1
55   64   66   75 -1
56   65   67   76 -1
57   66   68   77 -1
58   67   69   78 -1
59   68   79 -1
60   71   80 -1
61   70   72   81 -1
62   71   73   82 -1
63   72   74   83 -1
64   73   75   84 -1
65   74   76   85 -1
66   75   77   86 -1
67   76   78   87 -1
68   77   79   88 -1
69   78   89 -1
70   81   90 -1
71   80   82   91 -1
72   81   83   92 -1
73   82   84   93 -1
74   83   85   94 -1
75   84   86   95 -1
76   85   87   96 -1
77   86   88   97 -1
78   87   89   98 -1
79   88   99 -1
80   91 -1
81   90   92 -1
82   91   93 -1
83   92   94 -1
84   93   95 -1
85   94   96 -1
86   95   97 -1
87   96   98 -1
88   97   99 -1
89   98 -1