210
1   15 -1
0    2   16 -1
1    3   17 -1
2    4   18 -1
3    5   19 -1
4    6   20 -1
5    7   21 -1
6    8   22 -1
7    9   23 -1
8   10   24 -1
9   11   25 -1
10   12   26 -1
11   13   27 -1
12   14   28 -1
13   29 -1
0   16   30 -1
1   15   17   31 -1
2   16   18   32 -1
3   17   19   33 -1
4   18   20   34 -1
5   19   21   35 -1
6   20   22   36 -1
7   21   23   37 -1
8   22   24   38 -1
9   23   25   39 -1
10   24   26   40 -1
11   25   27   41 -1
12   26   28   42 -1
13   27   29   43 -1
14   28   44 -1
15   31   45 -1
16   30   32   46 -1
17   31   33   47 -1
18   32   34   48 -1
19   33   35   49 -1
20   34   36   50 -1
21   35   37   51 -1
22   36   38   52 -1
23   37   39   53 -1
24   38   40   54 -1
25   39   41   55 -1
26   40   42   56 -1
27   41   43   57 -1
28   42   44   58 -1
29   43   59 -1
30   46   60 -1
31   45   47   61 -1
32   46   48   62 -1
33   47   49   63 -1
34   48   50   64 -1
35   49   51   65 -1
36   50   52   66 -1
37   51   53   67 -1
38   52   54   68 -1
39   53   55   69 -1
40   54   56   70 -1
41   55   57   71 -1
42   56   58   72 -1
43   57   59   73 -1
44   58   74 -1
45   61   75 -1
46   60   62   76 -1
47   61   63   77 -1
48   62   64   78 -1
49   63   65   79 -1
50   64   66   80 -1
51   65   67   81 -1
52   66   68   82 -1
53   67   69   83 -1
54   68   70   84 -1
55   69   71   85 -1
56   70   72   86 -1
57   71   73   87 -1
58   72   74   88 -1
59   73   89 -1
60   76   90 -1
61   75   77   91 -1
62   76   78   92 -1
63   77   79   93 -1
64   78   80   94 -1
65   79   81   95 -1
66   80   82   96 -1
67   81   83   97 -1
68   82   84   98 -1
69   83   85   99 -1
70   84   86  100 -1
71   85   87  101 -1
72   86   88  102 -1
73   87   89  103 -1
74   88  104 -1
75   91  105 -1
76   90   92  106 -1
77   91   93  107 -1
78   92   94  108 -1
79   93   95  109 -1
80   94   96  110 -1
81   95   97  111 -1
82   96   98  112 -1
83   97   99  113 -1
84   98  100  114 -1
85   99  101  115 -1
86  100  102  116 -1
87  101  103  117 -1
88  102  104  118 -1
89  103  119 -1
90  106  120 -1
91  105  107  121 -1
92  106  108  122 -1
93  107  109  123 -1
94  108  110  124 -1
95  109  111  125 -1
96  110  112  126 -1
97  111  113  127 -1
98  112  114  128 -1
99  113  115  129 -1
100  114  116  130 -1
101  115  117  131 -1
102  116  118  132 -1
103  117  119  133 -1
104  118  134 -1
105  121  135 -1
106  120  122  136 -1
107  121  123  137 -1
108  122  124  138 -1
109  123  125  139 -1
110  124  126  140 -1
111  125  127  141 -1
112  126  128  142 -1
113  127  129  143 -1
114  128  130  144 -1
115  129  131  145 -1
116  130  132  146 -1
117  131  133  147 -1
118  132  134  148 -1
119  133  149 -1
120  136  150 -1
121  135  137  151 -1
122  136  138  152 -1
123  137  139  153 -1
124  138  140  154 -1
125  139  141  155 -1
126  140  142  156 -1
127  141  143  157 -1
128  142  144  158 -1
129  143  145  159 -1
130  144  146  160 -1
131  145  147  161 -1
132  146  148  162 -1
133  147  149  163 -1
134  148  164 -1
135  151  165 -1
136  150  152  166 -1
137  151  153  167 -1
138  152  154  168 -1
139  153  155  169 -1
140  154  156  170 -1
141  155  157  171 -1
142  156  158  172 -1
143  157  159  173 -1
144  158  160  174 -1
145  159  161  175 -1
146  160  162  176 -1
147  161  163  177 -1
148  162  164  178 -1
149  163  179 -1
150  166  180 -1
151  165  167  181 -1
152  166  168  182 -1
153  167  169  183 -1
154  168  170  184 -1
155  169  171  185 -1
156  170  172  186 -1
157  171  173  187 -1
158  172  174  188 -1
159  173  175  189 -1
160  174  176  190 -1
161  175  177  191 -1
162  176  178  192 -1
163  177  179  193 -1
164  178  194 -1
165  181  195 -1
166  180  182  196 -1
167  181  183  197 -1
168  182  184  198 -1
169  183  185  199 -1
170  184  186  200 -1
171  185  187  201 -1
172  186  188  202 -1
173  187  189  203 -1
174  188  190  204 -1
175  189  191  205 -1
176  190  192  206 -1
177  191  193  207 -1
178  192  194  208 -1
179  193  209 -1
180  196 -1
181  195  197 -1
182  196  198 -1
183  197  199 -1
184  198  200 -1
185  199  201 -1
186  200  202 -1
187  201  203 -1
188  202  204 -1
189  203  205 -1
190  204  206 -1
191  205  207 -1
192  206  208 -1
193  207  209 -1
194  208 -1